#usda 1.0
(
    endTimeCode = 1
    framesPerSecond = 24
    metersPerUnit = 0.01
    startTimeCode = 1
    timeCodesPerSecond = 24
    upAxis = "Y"
)

def "main"
{
    def SkelRoot "geo" (
        prepend apiSchemas = ["SkelBindingAPI"]
    )
    {
        prepend rel skel:skeleton = </main/geo/skeleton>

        def Skeleton "skeleton"
        {
            uniform matrix4d[] bindTransforms = [( (-8.884264910622276e-8, 0.9999999999999356, -2.384186558109941e-7, 0), (-0.021302103600216903, 2.364723825533203e-7, 0.9997731689681981, 0), (0.9997731689682458, 9.390137382977806e-8, 0.02130210360017351, 0), (0.055712971374319194, 0.00002183507103702423, 134.0225459212065, 1) ), ( (-1.834131051514138e-7, -0.9999999999999097, 2.384189278292949e-7, 0), (0.9932883233153109, -2.097589723704862e-7, -0.11566603764924525, 0), (0.11566603764933472, 2.1560415355841325e-7, 0.9932883233152981, 0), (-43.47736972435368, 0.00002277133038370564, 139.76870801472708, 1) ), ( (-4.823609539279395e-8, 0.9999999999999412, -2.3841771766737587e-7, 0), (-0.9999999999955204, -4.823660436210689e-8, -0.00000211595882910207, 0), (-0.000002115948852008387, 2.3841651354559808e-7, 0.9999900000954651, 0), (-31.443841780590926, 0.0000225428924741765, 138.36707979465635, 1) ), ( (-4.724378738819257e-7, 0.9999999999997201, -2.3841887204637534e-7, 0), (-0.999957498832177, -4.702133578198017e-7, 0.009246590636938029, 0), (0.009246510637311403, 2.427753623457201e-7, 0.9999494988923525, 0), (-81.87000491686449, 0.00002233199665294445, 138.36731995585762, 1) ), ( (-1.208053067702548e-7, 0.9999999999999287, -2.3841823602873252e-7, 0), (-0.8652173960022796, -2.2406497327171173e-7, -0.5013925934910827, 0), (-0.5013905935087309, 1.4571232049971796e-7, 0.865213396037426, 0), (-103.86794966758733, 0.000022287761970781398, 138.57068235489905, 1) ), ( (-0.13160492771551305, 0.9821203534575482, 0.13461078181035024, 0), (-0.9911410317856689, -0.13280998938620855, -0.000027997059451101956, 0), (0.017850062009510434, -0.13342125249687675, 0.9908910706628288, 0), (-111.49706005121189, -0.0000235370810394039, 134.14968708499515, 1) ), ( (-0.0024417270969056756, 0.97279070336228, 0.23167015175247954, 0), (-0.9999449348966651, -1.2297485579241209e-7, -0.010538593330725378, 0), (-0.010251756394905127, -0.23168088609442603, 0.9727296608297428, 0), (-135.83718043493786, -0.060898460269806366, 134.14899130823753, 1) ), ( (-3.990893584983443e-8, 0.9999999995400725, 0.000021445876813083143, 0), (-0.9999999505267252, -3.513827717886625e-8, -0.00022242576549189158, 0), (-0.00022242376390234564, -0.00002144569334909143, 0.9999899501672992, 0), (-145.31672994529924, -0.06093529739086166, 134.0488406951603, 1) ), ( (-1.2131732231694637e-7, 0.9999999994418499, 0.000023624888097180475, 0), (-0.9999999606263118, -1.2600583687452188e-7, 0.00019842800492995144, 0), (0.00019842601079315085, -0.000023624638737562228, 0.9999899601685908, 0), (-152.97235763319662, -0.06093356729167541, 134.04539241143942, 1) ), ( (-1.226566891369626e-7, 0.9999999994417834, 0.00002362628845515433, 0), (-0.99999995986327, -1.2739031118124824e-7, 0.0002003409855390715, 0), (0.0002003399914569505, -0.000023626038205021676, 0.9999899594054907, 0), (-161.04542206421723, -0.060934550712280794, 134.04542242909818, 1) ), ( (-0.01, 1.2246467991473534e-18, 2.719262146893782e-34, 0), (0, -2.220446049250313e-18, 0.010000000000000002, 0), (1.2246467991473532e-18, 0.010000000000000002, 2.220446049250313e-18, 0), (0, 0, 0, 1) ), ( (-0.8747921401043078, 0.4844980775974784, 0.000008716169149557699, 0), (-0.48449907763199174, -0.8747921401720979, 1.601821523522229e-7, 0), (0.000007702385026675529, -0.000004082811391290518, 0.9999900000240025, 0), (-122.68436503521762, -11.160304416346433, 134.14938491863091, 1) ), ( (-0.8748549130408644, 0.48438495185503944, 0.000012138025392251754, 0), (-0.48438495192317155, -0.8748549131715216, 1.516993077023129e-7, 0), (0.000010692360786066502, -0.000005746695962836058, 0.9999899999526464, 0), (-127.17799624523413, -19.27392303748556, 134.14939760570024, 1) ), ( (-0.8746224102271349, 0.4848052273911601, 0.000007546607868593509, 0), (-0.48480522741675647, -0.8746224102780361, 1.516980903699341e-7, 0), (0.000006673920217821205, -0.000003525927095653358, 0.9999900000430254, 0), (-130.5194286822309, -25.308767704816294, 134.1493573598524, 1) ), ( (-0.8746235763531478, 0.4848033194738322, 0.000009402570502409095, 0), (-0.484803319514187, -0.8746235764318351, 1.5167523001047277e-7, 0), (0.000008297179373215613, -0.0000044256988081858845, 0.9999900000115687, 0), (-133.865533367084, -31.345440811782087, 134.1493945031973, 1) ), ( (-0.01, 1.2246467991473534e-18, 2.719262146893782e-34, 0), (0, -2.220446049250313e-18, 0.010000000000000002, 0), (1.2246467991473532e-18, 0.010000000000000002, 2.220446049250313e-18, 0), (0, 0, 0, 1) ), ( (0.0003237122047956881, 0.9995280021571499, -0.030719233248901075, 0), (-0.9999439477040432, -2.3412355502730147e-8, -0.010537978086932756, 0), (-0.010532931732512758, 0.03072064437157514, 0.9994640023341119, 0), (-135.8370584128697, -8.32685478394784, 134.148944953651, 1) ), ( (3.6960285620042304e-7, 0.9999999999550583, 0.0000066936609162554694, 0), (-0.999999393444145, 3.748149192511343e-7, -0.0007788157369334671, 0), (-0.0007788097419799655, -0.000006693321154103902, 0.9999893935055455, 0), (-145.3167377468403, -8.326844570479045, 134.04880961371046, 1) ), ( (-1.192376570932361e-7, 0.9999999999518634, 0.000006937038807779031, 0), (-0.9999999901735058, -1.1855033928051408e-7, -0.00009912850856323988, 0), (-0.0000991277069216856, -0.000006936992381705323, 0.9999899902254954, 0), (-152.97238876095034, -8.326840119893532, 134.0454187051122, 1) ), ( (-1.1923766825637796e-7, 0.9999999999518635, 0.000006937038809157908, 0), (-0.999999990173248, -1.1855033026550312e-7, -0.00009912980855006028, 0), (-0.00009912900690864731, -0.000006936992381858541, 0.9999899902252375, 0), (-161.04543292762713, -8.32684208197659, 134.04534221967265, 1) ), ( (-0.01, 1.2246467991473534e-18, 2.719262146893782e-34, 0), (0, -2.220446049250313e-18, 0.010000000000000002, 0), (1.2246467991473532e-18, 0.010000000000000002, 2.220446049250313e-18, 0), (0, 0, 0, 1) ), ( (-0.00032616226337867993, 0.9995207293413425, 0.03095054058177738, 0), (-0.9999449308981468, 3.626400877410959e-8, -0.010538772723858758, 0), (-0.010533675999868607, -0.030951977643518445, 0.9994577134907514, 0), (-135.837184520486, 8.264519779715457, 134.14904436055778, 1) ), ( (-1.0429735922953518e-7, 0.9999999999339891, 0.000008124066530155407, 0), (-0.9999969503279355, -1.2427962293302776e-7, 0.0024596124979558457, 0), (0.002459592499873903, -0.000008123714321525202, 0.9999939502711, 0), (-145.316744194752, 8.26452282084645, 134.04975710976942, 1) ), ( (-9.426397282237511e-8, 0.9999999999259567, 0.000008604367566946714, 0), (-0.9999965340295659, -1.1777374900461324e-7, 0.002732400528534385, 0), (0.002732370530462785, -0.000008604008196948689, 0.9999925339694092, 0), (-152.97244064830946, 8.264522202341691, 134.04622153541, 1) ), ( (2.601315205313597e-7, 0.9999999999318707, 0.000008249968225402965, 0), (-0.9999965132216561, 2.375566034704222e-7, 0.0027362004614022344, 0), (0.002736180457365894, -0.00000825058999966284, 0.999992513167598, 0), (-161.04548146856467, 8.264521020182482, 134.04615544476744, 1) ), ( (-0.01, 1.2246467991473534e-18, 2.719262146893782e-34, 0), (0, -2.220446049250313e-18, 0.010000000000000002, 0), (1.2246467991473532e-18, 0.010000000000000002, 2.220446049250313e-18, 0), (0, 0, 0, 1) ), ( (-6.757542480354668e-8, 0.9999999999999388, -2.384187937381756e-7, 0), (0.47658950979621795, 2.418059003720868e-7, 0.8791250957617593, 0), (0.8791250957618203, -5.4220914848044594e-8, -0.47659050979519285, 0), (-20.521205382106928, 0.0000156717995462053, 96.19258649415438, 1) ), ( (-8.812661058178358e-8, 0.9999999999999357, -2.3841841781032787e-7, 0), (-0.001904306902818842, -2.385861936883459e-7, -0.9999973736066389, 0), (-0.9999973736066876, -8.767234547537244e-8, 0.0019043069028607713, 0), (-16.52128267737838, 0.000016873863780723813, 103.57076521457657, 1) ), ( (-8.805443762884586e-8, 0.9999999999999357, -2.3841894890272746e-7, 0), (-5.777699788467317e-7, -2.384190506529933e-7, -0.9999999999996095, 0), (-0.9999999999996584, -8.805416212615474e-8, 5.777700209935881e-7, 0), (-16.613861238410855, 0.000008956219617511043, 54.97272259898848, 1) ), ( (-0.0000013173163310767343, 0.3779180496407699, -0.9258391216119913, 0), (-1.8959462011931574e-11, -0.9258391216135979, -0.3779180496414256, 0), (-0.9999999999982646, -4.978352258498179e-7, 0.0000012196171333300753, 0), (-16.61389873868217, 0.000005024852712212716, 14.972836297279807, 1) ), ( (-0.0000013173070727637994, 0.3779180496407701, -0.9258391216119912, 0), (-1.5180290497917614e-11, -0.9258391216135977, -0.3779180496414257, 0), (-0.9999999999982648, -4.978352258498179e-7, 0.0000012196171332906921, 0), (-16.613900739421474, -36.68100462928331, 0.000033459562717767124, 1) ), ( (-0.01, 1.2246467991473534e-18, 2.719262146893782e-34, 0), (0, -2.220446049250313e-18, 0.010000000000000002, 0), (1.2246467991473532e-18, 0.010000000000000002, 2.220446049250313e-18, 0), (0, 0, 0, 1) ), ( (-1.0762695742178827e-7, 0.9999999999999317, -2.3841855714986876e-7, 0), (-0.5735937611349229, 1.3356428248937472e-7, 0.8191396588807254, 0), (0.8191396588807328, 2.2491719477468854e-7, 0.573593761134855, 0), (-28.37286668437392, 0.00002834046183289025, 173.95194338823578, 1) ), ( (-1.0762658471131659e-7, 0.9999999999999319, -2.384186737837524e-7, 0), (-0.5735766707480772, 1.335695257010299e-7, 0.8191515297799581, 0), (0.8191515297799657, 2.2491357857949148e-7, 0.5735766707480092, 0), (-34.367499823452135, 0.00002973510451565165, 182.512472109889, 1) ), ( (-1.0757706856627156e-7, 0.9999999999999319, -2.3841802467400814e-7, 2.0679515313825692e-25), (-0.57198961778454, 1.3403274945340698e-7, 0.8202604518847089, -8.673617379884035e-19), (0.8202604518847164, 2.2461435108749803e-7, 0.5719896177844722, -4.336808689942018e-19), (-40.382821849237764, 0.000031134846199275334, 191.1035155035414, 0.9999999999999999) ), ( (-1.0757676333664164e-7, 0.9999999999999319, -2.384182336400583e-7, 0), (-0.5719909018000443, 1.3403247001007678e-7, 0.8202598591769354, 0), (0.820259859176943, 2.2461459345946626e-7, 0.5719909017999766, 0), (-43.48288063653501, 0.000031859061489347645, 195.54909372860251, 1) ), ( (-0.01, 1.2246467991473534e-18, 2.719262146893782e-34, 0), (0, -2.220446049250313e-18, 0.010000000000000002, 0), (1.2246467991473532e-18, 0.010000000000000002, 2.220446049250313e-18, 0), (0, 0, 0, 1) ), ( (-1.1995474733856905e-7, 0.9999999999999291, -2.3841857889713782e-7, 0), (-0.9932813590176425, -1.4674032466247843e-7, -0.11572592531994214, 0), (-0.11572592532000407, 2.2293500633863136e-7, 0.9932803590182524, 0), (43.477320324577875, 0.000022771301976828345, 139.76897836855704, 1) ), ( (-1.1173800012245697e-7, -0.9999999999999309, 2.384187150340847e-7, 0), (0.9999999999999876, -1.1173800012245695e-7, 2.6883179621626413e-14, 0), (2.6645352620201752e-14, 2.3841971503708396e-7, 1.0000030000089433, 0), (31.44381400000252, 0.000022542899999107807, 138.36694610083293, 1) ), ( (-1.2369216379090542e-7, -0.9999999999999281, 2.384189807496602e-7, 0), (0.9999570107544937, -1.2147683806988074e-7, 0.009272937919768645, 0), (-0.009272967919800621, 2.3955646680622306e-7, 0.9999600107634848, 0), (81.87002586280566, 0.000022331909864123958, 138.36696326182818, 1) ), ( (-1.2079379948767305e-7, -0.9999999999999287, 2.3841829789901957e-7, 0), (0.8652211568026248, -2.2405486297198196e-7, -0.5013918293531053, 0), (0.501392829356825, 1.4572039414061351e-7, 0.8652231568099142, 0), (103.86795797236174, 0.000022287807990863922, 138.5710624978148, 1) ), ( (-0.13160757488739155, -0.9821193469587969, -0.1346125817655307, 0), (0.9911415718341724, -0.1328114196842187, -0.00003281538135609888, 0), (-0.017845837255928546, -0.13342424671518027, 0.9909016899507739, 0), (111.49707327578453, 0.00012233442356732283, 134.1500499978435, 1) ), ( (-0.0024438879574860935, -0.9727908247555782, -0.2316739945661567, 0), (0.9999447474502416, -1.7481517261379674e-7, -0.010547471494198818, 0), (0.010260505118124808, -0.23168777390947679, 0.9727396002061156, 0), (135.83707866562284, -0.060912251838435655, 134.14902107986453, 1) ), ( (5.550967481191004e-8, -0.9999999994256026, -0.000023966554640039992, 0), (0.9999998845321628, 8.0822210723369e-8, -0.0010561541007280087, 0), (0.0010561641040342845, -0.00002396651049131164, 1.0000028839694266, 0), (145.31704652874254, -0.06093891916263797, 134.04901413687872, 1) ), ( (-1.3904036600367894e-7, -0.9999999994511006, -0.000023428199388464998, 0), (0.9999995438102421, -1.2321709941765932e-7, -0.0006754183964426376, 0), (0.0006754203903053057, -0.000023428376923916863, 1.0000035432755503, 0), (152.97195310820138, -0.06093322706663634, 134.04605105196785, 1) ), ( (-2.4886680620267236e-7, -0.9999999994459, -0.000023538029563444558, 0), (0.9999995634910746, -2.3331460887591942e-7, -0.0006606883598499282, 0), (0.0006606903485073722, -0.000023538248288335103, 1.0000035629513429, 0), (161.04499661407735, -0.06093425496276568, 134.04606757536078, 1) ), ( (-0.01, 1.2246467991473534e-18, 2.719262146893782e-34, 0), (0, -2.220446049250313e-18, 0.010000000000000002, 0), (1.2246467991473532e-18, 0.010000000000000002, 2.220446049250313e-18, 0), (0, 0, 0, 1) ), ( (-0.8747778683527995, -0.48452492707809575, 0.000019063823605364942, -2.6469779601696886e-23), (0.48452492726136714, -0.8747768686668385, 2.159738143375261e-7, -2.0679515313825692e-25), (0.00001657198944172933, 0.000009425854138926937, 1.0000029996455235, -8.673617379884035e-19), (122.68407077211897, -11.160231092493142, 134.14994553579044, 0.9999999999999999) ), ( (-0.8748793792578919, -0.48434220981645143, -0.0000620217494880833, 0), (0.48434221189892834, -0.8748783824966521, -0.0000020398902709054276, 0), (-0.000053273651695917584, -0.00003182449586955904, 1.0000029961581334, 0), (127.1780920941541, -19.27389750215386, 134.14996426825013, 1) ), ( (-0.8746227283025882, -0.4848038493999372, -0.000009965862819237126, 0), (0.4848038494450754, -0.87462272839109, 1.7193249566893376e-7, 0), (-0.00000879974735767064, -0.0000046811256992374, 1.000002999909652, 0), (130.5190113529117, -25.30874577433894, 134.1499745052979, 1) ), ( (-0.8746265446145702, -0.4847967475879436, -0.000017972198329925135, 0), (0.4847967477391119, -0.8746265449000458, 1.7198434194183013e-7, 0), (-0.000015802374786630935, -0.000008562491637933434, 1.0000029996859696, 0), (133.8650533915866, -31.34531365130322, 134.149936433802, 1) ), ( (-0.01, 1.2246467991473534e-18, 2.719262146893782e-34, 0), (0, -2.220446049250313e-18, 0.010000000000000002, 0), (1.2246467991473532e-18, 0.010000000000000002, 2.220446049250313e-18, 0), (0, 0, 0, 1) ), ( (0.0003238233562458266, -0.9995280706514645, 0.030718102240458508, 0), (0.9999449009161852, 2.9722985756883425e-8, -0.010540217288593683, 0), (0.010535266232766913, 0.030719915815662854, 0.9994760240340643, 0), (135.8370735992294, -8.326832171568416, 134.1490171765991, 1) ), ( (1.0106219251257894e-8, -0.9999999999549555, -0.000006711521628262423, 0), (0.9999987325588967, 4.839520177852849e-10, 0.0015058041147069906, 0), (-0.0015058041146358172, -0.00000671154757484498, 1.0000017325220498, 0), (145.31695725357514, -8.326842133961811, 134.04905258475856, 1) ), ( (1.2808443150244352e-8, -0.9999999999536007, -0.000006811719975664111, 0), (0.9999984642873606, 4.488855701786618e-10, 0.001880346514073779, 0), (-0.001880356514018061, -0.000006811754902742471, 1.0000014642513542, 0), (152.97206857058376, -8.32684005574089, 134.0459880093364, 1) ), ( (1.2872609223337766e-8, -0.9999999999536006, -0.000006811719733620161, 0), (0.9999984287539598, 4.504506915424153e-10, 0.0018897764795919164, 0), (-0.0018897764795010833, -0.000006811754909928753, 1.0000014287178465, 0), (161.04506710043847, -8.32684093776809, 134.04593664611195, 1) ), ( (-0.01, 1.2246467991473534e-18, 2.719262146893782e-34, 0), (0, -2.220446049250313e-18, 0.010000000000000002, 0), (1.2246467991473532e-18, 0.010000000000000002, 2.220446049250313e-18, 0), (0, 0, 0, 1) ), ( (-0.0003262752506165827, -0.9995206135615499, -0.030952377087491132, 0), (0.9999449644113739, -1.0669185687394487e-7, -0.010537192671873898, 0), (0.010532187393746175, -0.03095421633182269, 0.9994686312604335, 0), (135.83707748474797, 8.264532140697264, 134.14898980061884, 1) ), ( (2.825423065893638e-7, -0.9999999999345593, -0.000008084603735704455, 0), (0.9999921404969578, 2.5034368892662206e-7, 0.003982392508814173, 0), (-0.003982402504536986, -0.000008085695908551376, 0.999995140441081, 0), (145.31698381167334, 8.264523323741308, 134.04906481366527, 1) ), ( (-8.14939856178899e-8, -0.9999999999302553, -0.000008350948720969492, 0), (0.9999907115856135, -1.1720642714947512e-7, 0.004276481595175171, 0), (-0.0042765015968884755, -0.000008350548974113724, 0.9999937115240233, 0), (152.97200558723785, 8.264523122665528, 134.04594175693515, 1) ), ( (3.568376066346233e-8, -0.9999999999322196, -0.000008232814128561209, 0), (0.9999912138686441, 1.0333978570950366e-9, 0.004334283929950261, 0), (-0.004334303929712104, -0.000008232923273789317, 0.9999932138072918, 0), (161.0451368958286, 8.26452333781568, 134.0458426963521, 1) ), ( (-0.01, 1.2246467991473534e-18, 2.719262146893782e-34, 0), (0, -2.220446049250313e-18, 0.010000000000000002, 0), (1.2246467991473532e-18, 0.010000000000000002, 2.220446049250313e-18, 0), (0, 0, 0, 1) ), ( (-9.766688641862755e-8, -0.9999999999999338, 2.3841839419039377e-7, 0), (-0.4765839486733134, 2.561476065142131e-7, 0.8791289053203936, 0), (-0.8791289053204571, -2.776469753643836e-8, -0.476583948673332, 0), (20.521206583902153, 0.000015671802292284904, 96.19262328802535, 1) ), ( (-8.811027801247487e-8, -0.9999999999999357, 2.3841868997534e-7, 0), (0.0019042726159367441, -2.385863980756203e-7, -0.9999983737284336, 0), (0.9999993737298563, -8.765622778501492e-8, 0.001904282615992437, 0), (16.521302361794948, 0.00001687390407035615, 103.57102832771417, 1) ), ( (-8.803929026902598e-8, -0.9999999999999357, 2.3841870358911697e-7, 0), (0.000003364283343252339, -2.3841929596439426e-7, -0.9999999999886249, 0), (1.000000999989674, -8.803858605177602e-8, 0.0000033642833852353336, 0), (16.6138036702463, 0.000008956218714616952, 54.97270089348529, 1) ), ( (-0.000001143388333410714, -0.3779180496409827, 0.9258391216123667, 0), (4.8125694082085604e-8, -0.9258391216136167, -0.3779180496413739, 0), (1.0000009999996906, -3.875520061419066e-7, 0.0000010767836141667434, 0), (16.61390549150135, -0.000004913433767116197, 14.972791316090968, 1) ), ( (-2.865905450129955e-7, -0.37791804964166303, 0.9258391216134123, 0), (0.0000010109625465591623, -0.9258391216127612, -0.3779180496407712, 0), (1.0000009999998958, 8.276792341775529e-7, 6.473978385649819e-7, 0), (16.613905974039053, -36.68100698123826, 0.000004282667206783405, 1) ), ( (-0.01, 1.2246467991473534e-18, 2.719262146893782e-34, 0), (0, -2.220446049250313e-18, 0.010000000000000002, 0), (1.2246467991473532e-18, 0.010000000000000002, 2.220446049250313e-18, 0), (0, 0, 0, 1) ), ( (-1.6358676934978975e-7, -0.9999999999999167, 2.384187229518653e-7, 0), (0.5735776234675292, 1.0147119111877787e-7, 0.8191504622580061, 0), (-0.8191504622579858, 2.7075440847068315e-7, 0.5735786234667918, 0), (28.372827014807495, 0.000028340476712979265, 173.95208606675803, 1) ), ( (-1.0763722991180108e-7, -0.9999999999999319, 2.3841893422247716e-7, 0), (0.5735774826124761, 1.3356282635238214e-7, 0.8191502610969434, 0), (-0.8191512610960489, 2.249227540905205e-7, 0.5735774826124082, 0), (34.36742190959537, 0.000029735233903917054, 182.51288756657388, 1) ), ( (-1.0758903901107997e-7, -0.9999999999999319, 2.384182988790524e-7, 0), (0.5720384571069168, 1.340118976668178e-7, 0.8202262215642728, 0), (-0.8202262215642805, 2.2463297605648944e-7, 0.572038457106849, 0), (40.38293972146343, 0.000031134825478952185, 191.10400601866272, 1) ), ( (-1.0758757786571442e-7, -0.9999999999999319, 2.384184599990195e-7, -2.0679515313825692e-25), (0.5719909018000443, 1.3402617797005955e-7, 0.8202598591769352, -8.673617379884035e-19), (-0.820259859176943, 2.2462361651882292e-7, 0.5719909017999765, -4.336808689942018e-19), (43.483014197709075, 0.00003185905443991642, 195.54903350892883, 0.9999999999999999) ), ( (-0.01, 1.2246467991473534e-18, 2.719262146893782e-34, 0), (0, -2.220446049250313e-18, 0.010000000000000002, 0), (1.2246467991473532e-18, 0.010000000000000002, 2.220446049250313e-18, 0), (0, 0, 0, 1) )]
            uniform token[] joints = ["Root", "Root/R_ShoulderSpin", "Root/R_ShoulderSpin/R_ShoulderAngle", "Root/R_ShoulderSpin/R_ShoulderAngle/R_Elbow", "Root/R_ShoulderSpin/R_ShoulderAngle/R_Elbow/R_Wrist", "Root/R_ShoulderSpin/R_ShoulderAngle/R_Elbow/R_Wrist/R_Hand", "Root/R_ShoulderSpin/R_ShoulderAngle/R_Elbow/R_Wrist/R_Hand/Riddle_1", "Root/R_ShoulderSpin/R_ShoulderAngle/R_Elbow/R_Wrist/R_Hand/Riddle_1/Riddle_2", "Root/R_ShoulderSpin/R_ShoulderAngle/R_Elbow/R_Wrist/R_Hand/Riddle_1/Riddle_2/Riddle_3", "Root/R_ShoulderSpin/R_ShoulderAngle/R_Elbow/R_Wrist/R_Hand/Riddle_1/Riddle_2/Riddle_3/Riddle_4", "Root/R_ShoulderSpin/R_ShoulderAngle/R_Elbow/R_Wrist/R_Hand/Riddle_1/Riddle_2/Riddle_3/Riddle_4/Riddle_4_end", "Root/R_ShoulderSpin/R_ShoulderAngle/R_Elbow/R_Wrist/R_Hand/R_Thumb_1", "Root/R_ShoulderSpin/R_ShoulderAngle/R_Elbow/R_Wrist/R_Hand/R_Thumb_1/R_Thumb_2", "Root/R_ShoulderSpin/R_ShoulderAngle/R_Elbow/R_Wrist/R_Hand/R_Thumb_1/R_Thumb_2/R_Thumb_3", "Root/R_ShoulderSpin/R_ShoulderAngle/R_Elbow/R_Wrist/R_Hand/R_Thumb_1/R_Thumb_2/R_Thumb_3/R_Thumb_4", "Root/R_ShoulderSpin/R_ShoulderAngle/R_Elbow/R_Wrist/R_Hand/R_Thumb_1/R_Thumb_2/R_Thumb_3/R_Thumb_4/R_Thumb_4_end", "Root/R_ShoulderSpin/R_ShoulderAngle/R_Elbow/R_Wrist/R_Hand/R_Index_1", "Root/R_ShoulderSpin/R_ShoulderAngle/R_Elbow/R_Wrist/R_Hand/R_Index_1/R_Index_2", "Root/R_ShoulderSpin/R_ShoulderAngle/R_Elbow/R_Wrist/R_Hand/R_Index_1/R_Index_2/R_Index_3", "Root/R_ShoulderSpin/R_ShoulderAngle/R_Elbow/R_Wrist/R_Hand/R_Index_1/R_Index_2/R_Index_3/R_Index_4", "Root/R_ShoulderSpin/R_ShoulderAngle/R_Elbow/R_Wrist/R_Hand/R_Index_1/R_Index_2/R_Index_3/R_Index_4/R_Index_4_end", "Root/R_ShoulderSpin/R_ShoulderAngle/R_Elbow/R_Wrist/R_Hand/R_Pinky_1", "Root/R_ShoulderSpin/R_ShoulderAngle/R_Elbow/R_Wrist/R_Hand/R_Pinky_1/R_Pinky_2", "Root/R_ShoulderSpin/R_ShoulderAngle/R_Elbow/R_Wrist/R_Hand/R_Pinky_1/R_Pinky_2/R_Pinky_3", "Root/R_ShoulderSpin/R_ShoulderAngle/R_Elbow/R_Wrist/R_Hand/R_Pinky_1/R_Pinky_2/R_Pinky_3/R_Pinky_4", "Root/R_ShoulderSpin/R_ShoulderAngle/R_Elbow/R_Wrist/R_Hand/R_Pinky_1/R_Pinky_2/R_Pinky_3/R_Pinky_4/R_Pinky_4_end", "Root/R_HipSpin", "Root/R_HipSpin/R_HipAngle", "Root/R_HipSpin/R_HipAngle/R_Knee", "Root/R_HipSpin/R_HipAngle/R_Knee/R_Ankle", "Root/R_HipSpin/R_HipAngle/R_Knee/R_Ankle/R_Toe", "Root/R_HipSpin/R_HipAngle/R_Knee/R_Ankle/R_Toe/R_Toe_end", "Root/R_Antenna_1", "Root/R_Antenna_1/R_Antenna_2", "Root/R_Antenna_1/R_Antenna_2/R_Antenna_3", "Root/R_Antenna_1/R_Antenna_2/R_Antenna_3/R_Antenna_4", "Root/R_Antenna_1/R_Antenna_2/R_Antenna_3/R_Antenna_4/R_Antenna_4_end", "Root/L_ShoulderSpin", "Root/L_ShoulderSpin/L_ShoulderAngle", "Root/L_ShoulderSpin/L_ShoulderAngle/L_Elbow", "Root/L_ShoulderSpin/L_ShoulderAngle/L_Elbow/L_Wrist", "Root/L_ShoulderSpin/L_ShoulderAngle/L_Elbow/L_Wrist/L_Hand", "Root/L_ShoulderSpin/L_ShoulderAngle/L_Elbow/L_Wrist/L_Hand/Liddle_1", "Root/L_ShoulderSpin/L_ShoulderAngle/L_Elbow/L_Wrist/L_Hand/Liddle_1/Liddle_2", "Root/L_ShoulderSpin/L_ShoulderAngle/L_Elbow/L_Wrist/L_Hand/Liddle_1/Liddle_2/Liddle_3", "Root/L_ShoulderSpin/L_ShoulderAngle/L_Elbow/L_Wrist/L_Hand/Liddle_1/Liddle_2/Liddle_3/Liddle_4", "Root/L_ShoulderSpin/L_ShoulderAngle/L_Elbow/L_Wrist/L_Hand/Liddle_1/Liddle_2/Liddle_3/Liddle_4/Liddle_4_end", "Root/L_ShoulderSpin/L_ShoulderAngle/L_Elbow/L_Wrist/L_Hand/L_Thumb_1", "Root/L_ShoulderSpin/L_ShoulderAngle/L_Elbow/L_Wrist/L_Hand/L_Thumb_1/L_Thumb_2", "Root/L_ShoulderSpin/L_ShoulderAngle/L_Elbow/L_Wrist/L_Hand/L_Thumb_1/L_Thumb_2/L_Thumb_3", "Root/L_ShoulderSpin/L_ShoulderAngle/L_Elbow/L_Wrist/L_Hand/L_Thumb_1/L_Thumb_2/L_Thumb_3/L_Thumb_4", "Root/L_ShoulderSpin/L_ShoulderAngle/L_Elbow/L_Wrist/L_Hand/L_Thumb_1/L_Thumb_2/L_Thumb_3/L_Thumb_4/L_Thumb_4_end", "Root/L_ShoulderSpin/L_ShoulderAngle/L_Elbow/L_Wrist/L_Hand/L_Index_1", "Root/L_ShoulderSpin/L_ShoulderAngle/L_Elbow/L_Wrist/L_Hand/L_Index_1/L_Index_2", "Root/L_ShoulderSpin/L_ShoulderAngle/L_Elbow/L_Wrist/L_Hand/L_Index_1/L_Index_2/L_Index_3", "Root/L_ShoulderSpin/L_ShoulderAngle/L_Elbow/L_Wrist/L_Hand/L_Index_1/L_Index_2/L_Index_3/L_Index_4", "Root/L_ShoulderSpin/L_ShoulderAngle/L_Elbow/L_Wrist/L_Hand/L_Index_1/L_Index_2/L_Index_3/L_Index_4/L_Index_4_end", "Root/L_ShoulderSpin/L_ShoulderAngle/L_Elbow/L_Wrist/L_Hand/L_Pinky_1", "Root/L_ShoulderSpin/L_ShoulderAngle/L_Elbow/L_Wrist/L_Hand/L_Pinky_1/L_Pinky_2", "Root/L_ShoulderSpin/L_ShoulderAngle/L_Elbow/L_Wrist/L_Hand/L_Pinky_1/L_Pinky_2/L_Pinky_3", "Root/L_ShoulderSpin/L_ShoulderAngle/L_Elbow/L_Wrist/L_Hand/L_Pinky_1/L_Pinky_2/L_Pinky_3/L_Pinky_4", "Root/L_ShoulderSpin/L_ShoulderAngle/L_Elbow/L_Wrist/L_Hand/L_Pinky_1/L_Pinky_2/L_Pinky_3/L_Pinky_4/L_Pinky_4_end", "Root/L_HipSpin", "Root/L_HipSpin/L_HipAngle", "Root/L_HipSpin/L_HipAngle/L_Knee", "Root/L_HipSpin/L_HipAngle/L_Knee/L_Ankle", "Root/L_HipSpin/L_HipAngle/L_Knee/L_Ankle/L_Toe", "Root/L_HipSpin/L_HipAngle/L_Knee/L_Ankle/L_Toe/L_Toe_end", "Root/L_Antenna_1", "Root/L_Antenna_1/L_Antenna_2", "Root/L_Antenna_1/L_Antenna_2/L_Antenna_3", "Root/L_Antenna_1/L_Antenna_2/L_Antenna_3/L_Antenna_4", "Root/L_Antenna_1/L_Antenna_2/L_Antenna_3/L_Antenna_4/L_Antenna_4_end"]
