#usda 1.0
(
    endTimeCode = 1
    framesPerSecond = 24
    metersPerUnit = 0.01
    startTimeCode = 1
    timeCodesPerSecond = 24
    upAxis = "Y"
)

def "main"
{
    def SkelRoot "geo" (
        prepend apiSchemas = ["SkelBindingAPI"]
    )
    {
        prepend rel skel:skeleton = </main/geo/skeleton>

        def Skeleton "skeleton"
        {
            uniform matrix4d[] bindTransforms = [( (1, 0, 0, 0), (0, 1, 0, 0), (0, 0, 1, 0), (0, 0, 0, 1) ), ( (4.440892098500626e-16, 0.9998796605419034, 0.015513363097922554, 0), (-4.4408920985006257e-16, -0.015513363097922504, 0.9998796605419032, 0), (1, -4.4408920985006257e-16, 4.4408920985006257e-16, 0), (1.9709482123357057e-15, 96.63827268635028, -1.5393001159184132, 1) ), ( (1, 0, 0, 0), (0, 1, 0, 0), (0, 0, 1, 0), (0, 0, 0, 1) ), ( (-4.440892136240742e-16, -0.015513362904432077, 0.9998796605449053, 0), (-4.440892131587851e-16, -0.9998796605449053, -0.015513362904430977, 0), (1, -4.440892098500627e-16, 4.440892098500626e-16, 0), (0.000004053115850366359, 136.2894407357186, 13.2739169967381, 1) ), ( (-4.371464349211324e-16, 1.9351535868863566e-10, 0.9999999999999998, 0), (-4.509250932979274e-16, -1, 1.9351681368462437e-10, 0), (1, -4.440892098500631e-16, 4.440892098500625e-16, 0), (0.000004053115769908496, 136.06138611981967, 27.972675308229295, 1) ), ( (1, 0, 0, 0), (0, 1, 0, 0), (0, 0, 1, 0), (0, 0, 0, 1) ), ( (-0.45112003334077194, 0.8821540645576444, -0.1352587220960194, 0), (0.8740622901047271, 0.4060979311532569, -0.26664505120088855, 0), (-0.18029372849741832, -0.23851347277978227, -0.9542565141339237, 0), (-17.70634651184083, 172.65642856389238, -5.683603636152081, 1) ), ( (-0.45112003334077194, 0.8821540645576442, -0.1352587220960194, -8.673617379884035e-19), (0.8740622901047271, 0.4060979311532569, -0.26664505120088855, -4.336808689942018e-19), (-0.18029372849741834, -0.2385134727797823, -0.9542565141339238, 2.168404344971009e-19), (-22.126758445720398, 181.30043474002608, -7.008969893202048, 0.9999999999999999) ), ( (-0.3994414957856183, 0.9045102736304064, -0.14935747835844823, 0), (0.8987466718694952, 0.3542251882705491, -0.25841620653163266, 0), (-0.18083393278932317, -0.23745669266571617, -0.9544178371448251, 0), (-25.87649608988608, 188.63295393504194, -8.133248766009581, 1) ), ( (1, 0, 0, 0), (0, 1, 0, 0), (0, 0, 1, 0), (0, 0, 0, 1) ), ( (-0.9998475952496165, -0.0000014123323480626165, -0.017458129096906867, 0), (-0.017458129127365475, 0.000025612106979839797, 0.999847594922042, 0), (-9.649776314124558e-7, 0.9999999996710123, -0.000025632860253520533, 0), (-41.770224810000016, 136.0000057, 0.05289633311000006, 1) ), ( (-0.9998475952496165, -0.000001412332347673996, -0.017458129096906867, 0), (-0.01745812912736548, 0.000025612106979832238, 0.9998475949220421, 0), (-9.649776313569447e-7, 0.9999999996710124, -0.00002563286025352048, 0), (-51.58104409980138, 135.9999918500001, -0.1184083242415324, 1) ), ( (-0.9998788321025166, -5.658425149036321e-7, 0.01556666672690637, 0), (0.015566666707280985, 0.00002564477585897, 0.9998788317741151, 0), (-9.649776313569447e-7, 0.999999999671012, -0.000025632860253520153, 0), (-61.39186338999997, 135.99997800000003, -0.28971298160000064, 1) ), ( (-0.9998788321025166, -5.658425144717988e-7, 0.015566666726906375, 0), (0.015566666707280987, 0.0000256447758589661, 0.9998788317741152, 0), (-9.64977631467967e-7, 0.9999999996710126, -0.000025632860253520587, 0), (-70.6961081446673, 135.99997273616123, -0.14485935273980413, 1) ), ( (-0.9963223425271989, -0.08568424449870199, 0.0000050795204699148175, 1.0842021724855044e-19), (0.00464961772426347, -0.054005797651890744, 0.998529796688612, 5.421010862427522e-20), (-0.0855579969151522, 0.9948575697378339, 0.05420558180849302, -8.673617379884035e-19), (-80.00035289571821, 135.99996746046082, -0.000005723915914971635, 0.9999999999999999) ), ( (-0.9999999999856204, 0.0000016744907964399424, 0.00000509457152406873, 0), (0.000004994257357719689, -0.05525861665812903, 0.9984720753531803, 0), (0.0000019534512758490052, 0.9984720753642662, 0.05525861664897168, 0), (-115.39994432172247, 132.95558401402977, 0.00017475276470721722, 1) ), ( (-0.9999999999856205, 0.0000016744907967148406, 0.000005094571524085543, 0), (0.000004995498740771598, -0.054623578203431604, 0.9985070178417866, 0), (0.0000019502745378652264, 0.9985070178528785, 0.0546235781942813, 0), (-122.4123310686923, 132.9555957562092, 0.0002104778706512131, 1) ), ( (-0.9995887372956994, 0.025467734493303272, -0.013181455586051362, 0), (-0.014534325491302666, -0.0536874319311716, 0.998452008378544, 0), (0.024720632154160538, 0.9982329658714009, 0.05403550863538046, 0), (-129.21233492516745, 132.95560744566316, 0.00024512097769595695, 1) ), ( (1, 0, 0, 0), (0, 1, 0, 0), (0, 0, 1, 0), (0, 0, 0, 1) ), ( (-0.7071026082654595, -3.821261956422522e-7, 0.7071109540829063, 0), (0.4413773341804287, -0.7812663240353126, 0.4413717025366799, 0), (0.5524418071217656, 0.6241978299611456, 0.552435624137179, 0), (-102.26656084704355, 132.66138742756644, 6.514430501006905, 1) ), ( (-0.7071026082654593, -3.8212619574815335e-7, 0.7071109540829061, 4.1359030627651384e-25), (0.44137733418042857, -0.7812663240353125, 0.4413717025366799, 8.673617379884035e-19), (0.5524418071217657, 0.6241978299611453, 0.5524356241371791, -8.673617379884035e-19), (-107.22504358727718, 132.66138474794613, 11.472971765408582, 0.9999999999999999) ), ( (-0.7391389201273258, -0.3621201544889818, 0.567928384979908, 0), (0.5854555066944606, -0.7623190635082662, 0.27588311853575254, 0), (0.3330397970725768, 0.5364127507104539, 0.7754649279245974, 0), (-112.03333050392655, 132.66137155959646, 16.281313922988097, 1) ), ( (1, 0, 0, 0), (0, 1, 0, 0), (0, 0, 1, 0), (0, 0, 0, 1) ), ( (-0.9999999999854207, 0.0000014295849473041117, 0.00000520714569404205, 0), (0.000005149543638061083, -0.0377030476794783, 0.9992889873150614, 0), (0.0000016248937568796862, 0.9992889873273068, 0.03770304767156695, 0), (-115.39990689969966, 132.95558416989667, 6.187688789759821, 1) ), ( (-0.9999999999854207, 0.0000014295849476154323, 0.000005207145694055235, -1.6543612251060553e-24), (0.000005149543638047205, -0.03770304767947829, 0.9992889873150613, 5.421010862427522e-20), (0.0000016248937569907085, 0.9992889873273065, 0.03770304767156694, -8.673617379884035e-19), (-122.41228917632594, 132.95559419469288, 6.187725304255983, 0.9999999999999999) ), ( (-0.9988934293049255, 0.0470234954583419, -0.0008412884908520634, -5.421010862427522e-20), (-0.003378051066547573, -0.05389331335023696, 0.998540985411778, 5.421010862427522e-20), (0.04690954766822364, 0.9974388711349741, 0.053992524358009025, -8.673617379884035e-19), (-129.21228856245637, 132.95560416663253, 6.187760727753676, 0.9999999999999999) ), ( (1, 0, 0, 0), (0, 1, 0, 0), (0, 0, 1, 0), (0, 0, 0, 1) ), ( (-0.9999999999856867, 0.000001918715132911861, 0.000004994505556964467, 0), (0.0000048727725898353724, -0.05892241946110398, 0.9982625648901723, 0), (0.0000022096698417684024, 0.9982625649002207, 0.058922419450911194, 0), (-115.39996684260899, 132.95559559280292, -6.187339045096459, 1) ), ( (-0.9999999999856863, 0.0000019187151331118855, 0.000004994505556959414, 0), (0.000004861736105643555, -0.06388048513317696, 0.9979575560090281, 0), (0.000002233847703148051, 0.9979575560190257, 0.06388048512293437, 0), (-122.41235805992262, 132.95560904758463, -6.187304021669709, 1) ), ( (-0.9999572447441829, 0.0003386078576460691, 0.00924088893670926, 0), (0.009209074200011574, -0.0540574377159393, 0.9984953612210551, 0), (0.0008376371532688998, 0.9985377703283459, 0.05405200821147523, 0), (-129.21236638674117, 132.95562244992118, -6.187270089220757, 1) ), ( (1, 0, 0, 0), (0, 1, 0, 0), (0, 0, 1, 0), (0, 0, 0, 1) ), ( (-0.00017494252735500426, -0.9998879558585331, 0.01496813696343939, 0), (0.000002260923560593476, 0.0149681367969629, 0.9998879711626276, 0), (-0.9999999846950005, 0.00017495677056057537, -3.578934437080747e-7, 0), (-16.593231809999995, 96.56104391000001, -0.5794999023999993, 1) ), ( (-0.00017494252735500995, -0.9998879558585333, 0.014968136963439392, 0), (0.000002260923560594341, 0.0149681367969629, 0.9998879711626276, 0), (-0.9999999846950005, 0.00017495677056057537, -3.578934437080747e-7, 0), (-16.59685874509624, 75.83120816827986, -0.2691781654791335, 1) ), ( (-0.00017495679689172317, -0.999999981886656, 0.00007494536410468356, 0), (-3.44781238346237e-7, 0.0000749454255735936, 0.9999999971915319, 0), (-0.9999999846950005, 0.00017495677056057537, -3.578934437080748e-7, 0), (-16.600485680191913, 55.10137242995428, 0.04114357139091751, 1) ), ( (-0.00017495679689169823, -0.9999999818866558, 0.00007494536410895987, 0), (-3.447812383454933e-7, 0.00007494542557786969, 0.9999999971915322, 0), (-0.9999999846950005, 0.00017495677056057537, -3.578934437080747e-7, 0), (-16.60399567636536, 35.0392981336578, 0.04264713088106749, 1) ), ( (2.3820597781105716e-9, -1.0000000000000002, -6.800550117231244e-11, 0), (0.027922928536747518, -1.4648421364782394e-12, 0.9996100790117771, 0), (-0.9996100790117776, -2.3830298845339826e-9, 0.027922928536747497, 0), (-16.60750567346903, 14.977223829579918, 0.044150690370821206, 1) ), ( (1, 0, 0, 0), (0, 1, 0, 0), (0, 0, 1, 0), (0, 0, 0, 1) ), ( (-0.4511200432770267, -0.8821540591150305, 0.13525872445283763, 0), (0.8740622877765368, -0.40609794325718085, 0.2666450403985308, 0), (-0.1802937149225681, 0.23851347230117315, 0.9542565168183328, 0), (17.706346511840824, 172.6564285638923, -5.683603636152091, 1) ), ( (-0.4511200432770267, -0.8821540591150304, 0.13525872445283763, 0), (0.8740622877765367, -0.40609794325718085, 0.2666450403985308, 0), (-0.18029371492256813, 0.2385134723011732, 0.9542565168183329, 0), (22.126758543083294, 181.3004346866953, -7.00896991629591, 1) ), ( (-0.39944150585642113, -0.9045102688985193, 0.1493574800814584, 0), (0.8987466701225548, -0.3542252006698419, 0.25841619561093654, 0), (-0.18083391922638398, 0.23745669219362647, 0.9544178398320554, 0), (25.87649626983979, 188.6329538364719, -8.133248808693464, 1) ), ( (1, 0, 0, 0), (0, 1, 0, 0), (0, 0, 1, 0), (0, 0, 0, 1) ), ( (-0.9998475952496462, 0.0000014113457007573746, 0.01745812909529561, 0), (-0.017458129125728566, -0.000025611719968808326, -0.9998475949220806, 0), (-9.639978906239577e-7, -0.9999999996710239, 0.00002563245607645724, 0), (41.77022481, 136.0000057, 0.05289633311000071, 1) ), ( (-0.9998475952496457, 0.0000014113457014129214, 0.017458129095295604, 0), (-0.017458129125728562, -0.000025611719968803308, -0.9998475949220805, 0), (-9.639978906239577e-7, -0.9999999996710238, 0.00002563245607645735, 0), (51.581044099801396, 135.99999185000004, -0.11840832424153222, 1) ), ( (-0.9998788321024922, 5.648691837288839e-7, -0.015566666728518034, 0), (0.015566666708917978, -0.000025644356479580908, -0.9998788317741005, 0), (-9.639978906794688e-7, -0.999999999671024, 0.000025632456076457675, 0), (61.39186338999998, 135.99997800000008, -0.2897129816, 1) ), ( (-0.9998788321024921, 5.648691843330659e-7, -0.015566666728518037, 0), (0.015566666708917978, -0.000025644356479589876, -0.9998788317741005, 0), (-9.6399789073498e-7, -0.999999999671024, 0.000025632456076457024, 0), (70.6961081446673, 135.99997274931982, -0.14485935274021303, 1) ), ( (-0.996322342611147, 0.0856842435225668, -0.000005079487444441959, 0), (0.004649617672961483, 0.05400579806002902, -0.9985297966667769, 0), (-0.08555799594036223, -0.9948575697997502, -0.05420558221072958, 0), (80.0003528957182, 135.99996749805686, -0.000005723916728126801, 1) ), ( (-0.9999999999856188, -0.0000016754705352212347, -0.00000509457313683039, 1.6543612251060553e-24), (0.000004994204828197291, 0.05525861706169346, -0.9984720753308463, -5.421010862427522e-20), (0.000001954429608819197, -0.9984720753419303, -0.05525861705253121, 8.673617379884035e-19), (115.39994432470515, 132.95558408630802, 0.00017475159047884687, 0.9999999999999999) ), ( (-0.9999999999856187, -0.0000016754705354385988, -0.000005094573136846923, 0), (0.00000499544683349451, 0.05462357860701016, -0.9985070178197095, 0), (0.0000019512529039200643, -0.9985070178307995, -0.05462357859785495, 0), (122.41233107167498, 132.95559583535794, 0.00021047670773508117, 1) ), ( (-0.9995887372707689, -0.025467735477968982, 0.013181455574146466, 0), (-0.014534325542292871, 0.05368743232048314, -0.9984520083568688, 0), (0.024720633132257253, -0.9982329658253415, -0.054035509038803484, 0), (129.2123349281501, 132.95560753147402, 0.0002451198257450218, 1) ), ( (1, 0, 0, 0), (0, 1, 0, 0), (0, 0, 1, 0), (0, 0, 0, 1) ), ( (-0.7071026082643198, 3.817192163488511e-7, -0.7071109540840461, 0), (0.44137733341570184, 0.7812663246461409, -0.4413717022201983, 0), (0.5524418077342081, -0.624197829196614, -0.5524356243885749, 0), (102.26656085030395, 132.66138748434454, 6.514430499692579, 1) ), ( (-0.7071026082643197, 3.817192165287173e-7, -0.707110954084046, 0), (0.44137733341570184, 0.7812663246461409, -0.44137170222019834, 0), (0.5524418077342084, -0.624197829196614, -0.552435624388575, 0), (107.22504359052964, 132.66138480757812, 11.472971764102248, 1) ), ( (-0.7391389204811936, 0.36212015399436154, -0.5679283848347392, 0), (0.5854555059480301, 0.7623190641933666, -0.27588311822669676, 0), (0.33303979759937247, -0.536412750070736, -0.7754649281408666, 0), (112.03333050717116, 132.66137162199578, 16.281313921689573, 1) ), ( (1, 0, 0, 0), (0, 1, 0, 0), (0, 0, 1, 0), (0, 0, 0, 1) ), ( (-0.9999999999854191, -0.000001430564685926507, -0.000005207147306702878, 0), (0.000005149508309772177, 0.03770304808337304, -0.9992889872998229, 0), (0.000001625872861787947, -0.9992889873120671, -0.03770304807545665, 0), (115.3999069026723, 132.95558423967412, 6.1876887885855965, 1) ), ( (-0.9999999999854191, -0.0000014305646859243387, -0.000005207147306701846, 0), (0.000005149508309765238, 0.03770304808337305, -0.9992889872998231, 0), (0.000001625872861787947, -0.9992889873120672, -0.03770304807545665, 0), (122.41228917929865, 132.95559427134054, 6.187725303093065, 1) ), ( (-0.9988934292588558, -0.04702349643733872, 0.0008412884702359369, 5.421010862427522e-20), (-0.003378051117739339, 0.053893313750514725, -0.9985409853900011, -5.421010862427522e-20), (0.04690954864554231, -0.9974388710671925, -0.05399252476107532, 8.673617379884035e-19), (129.21228856542908, 132.9556042499423, 6.18776072660172, 0.9999999999999999) ), ( (1, 0, 0, 0), (0, 1, 0, 0), (0, 0, 1, 0), (0, 0, 0, 1) ), ( (-0.9999999999856848, -0.0000019196948721779934, -0.000004994507169835341, 0), (0.000004872716470392946, 0.058922419864583596, -0.9982625648663576, 0), (0.000002210647975342539, -0.9982625648764041, -0.058922419854386045, 0), (115.39996684560161, 132.95559566758206, -6.187339046270686, 1) ), ( (-0.9999999999856848, -0.0000019196948723457208, -0.00000499450716984947, 1.6543612251060553e-24), (0.000004861675128101095, 0.06388048553653328, -0.9979575559832096, -5.421010862427522e-20), (0.000002234825545843755, -0.9979575559932053, -0.06388048552628595, 8.673617379884035e-19), (122.4123580629153, 132.95560912923403, -6.1873040228326275, 0.9999999999999999) ), ( (-0.9999572447438366, -0.0003386088336101599, -0.009240888938458104, 4.235164736271502e-22), (0.009209074148658937, 0.054057438128530734, -0.9984953611991919, -5.421010862427522e-20), (0.0008376381316644865, -0.9985377703056791, -0.05405200861505998, 8.673617379884035e-19), (129.2123663897337, 132.95562253823277, -6.187270090372709, 0.9999999999999999) ), ( (1, 0, 0, 0), (0, 1, 0, 0), (0, 0, 1, 0), (0, 0, 0, 1) ), ( (-0.0001749425253928516, 0.9998879558999989, -0.01496813419351611, 0), (0.000002260923086808836, -0.014968134027039648, -0.9998879712040931, 0), (-0.9999999846950007, -0.000174956768592559, 3.578934033862272e-7, 0), (16.59323181000001, 96.56104391000001, -0.5794999023999999, 1) ), ( (-0.00017494252539286025, 0.9998879558999986, -0.014968134193516098, 0), (0.000002260923086808372, -0.014968134027039637, -0.9998879712040929, 0), (-0.9999999846950005, -0.00017495676859255894, 3.5789340338622574e-7, 0), (16.596858745096274, 75.83120816827987, -0.26917816948912193, 1) ), ( (-0.0001749567949235198, 0.9999999818866705, -0.0000749451705093165, 0), (-3.447812320566074e-7, -0.00007494523197821601, -0.9999999971915465, 0), (-0.9999999846950006, -0.00017495676859255902, 3.5789340338622706e-7, 0), (16.600485680191966, 55.10137242995423, 0.041143563370940446, 1) ), ( (-0.0001749567949235983, 0.9999999818866704, -0.00007494517051409057, 0), (-3.4478123205576544e-7, -0.00007494523198298998, -0.9999999971915466, 0), (-0.9999999846950005, -0.00017495676859255894, 3.5789340338622574e-7, 0), (16.603995676309165, 35.0392981336998, 0.042647118977174665, 1) ), ( (2.3894884624615985e-9, 1, 6.612350871292686e-11, -2.5849394142282115e-26), (0.027922928536753946, -6.238516647716352e-13, -0.9996100790117773, -2.168404344971009e-19), (-0.9996100790117771, 2.390403097685123e-9, -0.02792292853675396, 6.938893903907228e-18), (16.60750567330843, 14.977223829459225, 0.04415067458393643, 0.9999999999999999) ), ( (1, 0, 0, 0), (0, 1, 0, 0), (0, 0, 1, 0), (0, 0, 0, 1) )]
            uniform token[] joints = ["root", "root/Root", "root/Root/RootEnd", "root/Root/Eye", "root/Root/Eye/EyePupila", "root/Root/Eye/EyePupila/EyeEnd", "root/Root/Antenna1_R", "root/Root/Antenna1_R/Antenna2_R", "root/Root/Antenna1_R/Antenna2_R/Antenna3_R", "root/Root/Antenna1_R/Antenna2_R/Antenna3_R/Antenna1End_R", "root/Root/Shoulder_R", "root/Root/Shoulder_R/ShoulderPart1_R", "root/Root/Shoulder_R/ShoulderPart1_R/Elbow_R", "root/Root/Shoulder_R/ShoulderPart1_R/Elbow_R/ElbowPart1_R", "root/Root/Shoulder_R/ShoulderPart1_R/Elbow_R/ElbowPart1_R/Wrist_R", "root/Root/Shoulder_R/ShoulderPart1_R/Elbow_R/ElbowPart1_R/Wrist_R/MiddleFinger1_R", "root/Root/Shoulder_R/ShoulderPart1_R/Elbow_R/ElbowPart1_R/Wrist_R/MiddleFinger1_R/MiddleFinger2_R", "root/Root/Shoulder_R/ShoulderPart1_R/Elbow_R/ElbowPart1_R/Wrist_R/MiddleFinger1_R/MiddleFinger2_R/MiddleFinger3_R", "root/Root/Shoulder_R/ShoulderPart1_R/Elbow_R/ElbowPart1_R/Wrist_R/MiddleFinger1_R/MiddleFinger2_R/MiddleFinger3_R/MiddleFinger4_R", "root/Root/Shoulder_R/ShoulderPart1_R/Elbow_R/ElbowPart1_R/Wrist_R/ThumbFinger1_R", "root/Root/Shoulder_R/ShoulderPart1_R/Elbow_R/ElbowPart1_R/Wrist_R/ThumbFinger1_R/ThumbFinger2_R", "root/Root/Shoulder_R/ShoulderPart1_R/Elbow_R/ElbowPart1_R/Wrist_R/ThumbFinger1_R/ThumbFinger2_R/ThumbFinger3_R", "root/Root/Shoulder_R/ShoulderPart1_R/Elbow_R/ElbowPart1_R/Wrist_R/ThumbFinger1_R/ThumbFinger2_R/ThumbFinger3_R/ThumbFinger4_R", "root/Root/Shoulder_R/ShoulderPart1_R/Elbow_R/ElbowPart1_R/Wrist_R/IndexFinger1_R", "root/Root/Shoulder_R/ShoulderPart1_R/Elbow_R/ElbowPart1_R/Wrist_R/IndexFinger1_R/IndexFinger2_R", "root/Root/Shoulder_R/ShoulderPart1_R/Elbow_R/ElbowPart1_R/Wrist_R/IndexFinger1_R/IndexFinger2_R/IndexFinger3_R", "root/Root/Shoulder_R/ShoulderPart1_R/Elbow_R/ElbowPart1_R/Wrist_R/IndexFinger1_R/IndexFinger2_R/IndexFinger3_R/IndexFinger4_R", "root/Root/Shoulder_R/ShoulderPart1_R/Elbow_R/ElbowPart1_R/Wrist_R/RingFinger1_R", "root/Root/Shoulder_R/ShoulderPart1_R/Elbow_R/ElbowPart1_R/Wrist_R/RingFinger1_R/RingFinger2_R", "root/Root/Shoulder_R/ShoulderPart1_R/Elbow_R/ElbowPart1_R/Wrist_R/RingFinger1_R/RingFinger2_R/RingFinger3_R", "root/Root/Shoulder_R/ShoulderPart1_R/Elbow_R/ElbowPart1_R/Wrist_R/RingFinger1_R/RingFinger2_R/RingFinger3_R/RingFinger4_R", "root/Root/Hip_R", "root/Root/Hip_R/HipPart1_R", "root/Root/Hip_R/HipPart1_R/Knee_R", "root/Root/Hip_R/HipPart1_R/Knee_R/KneePart1_R", "root/Root/Hip_R/HipPart1_R/Knee_R/KneePart1_R/Ankle_R", "root/Root/Hip_R/HipPart1_R/Knee_R/KneePart1_R/Ankle_R/ToesEnd_R", "root/Root/Antenna1_L", "root/Root/Antenna1_L/Antenna2_L", "root/Root/Antenna1_L/Antenna2_L/Antenna3_L", "root/Root/Antenna1_L/Antenna2_L/Antenna3_L/Antenna1End_L", "root/Root/Shoulder_L", "root/Root/Shoulder_L/ShoulderPart1_L", "root/Root/Shoulder_L/ShoulderPart1_L/Elbow_L", "root/Root/Shoulder_L/ShoulderPart1_L/Elbow_L/ElbowPart1_L", "root/Root/Shoulder_L/ShoulderPart1_L/Elbow_L/ElbowPart1_L/Wrist_L", "root/Root/Shoulder_L/ShoulderPart1_L/Elbow_L/ElbowPart1_L/Wrist_L/MiddleFinger1_L", "root/Root/Shoulder_L/ShoulderPart1_L/Elbow_L/ElbowPart1_L/Wrist_L/MiddleFinger1_L/MiddleFinger2_L", "root/Root/Shoulder_L/ShoulderPart1_L/Elbow_L/ElbowPart1_L/Wrist_L/MiddleFinger1_L/MiddleFinger2_L/MiddleFinger3_L", "root/Root/Shoulder_L/ShoulderPart1_L/Elbow_L/ElbowPart1_L/Wrist_L/MiddleFinger1_L/MiddleFinger2_L/MiddleFinger3_L/MiddleFinger4_L", "root/Root/Shoulder_L/ShoulderPart1_L/Elbow_L/ElbowPart1_L/Wrist_L/ThumbFinger1_L", "root/Root/Shoulder_L/ShoulderPart1_L/Elbow_L/ElbowPart1_L/Wrist_L/ThumbFinger1_L/ThumbFinger2_L", "root/Root/Shoulder_L/ShoulderPart1_L/Elbow_L/ElbowPart1_L/Wrist_L/ThumbFinger1_L/ThumbFinger2_L/ThumbFinger3_L", "root/Root/Shoulder_L/ShoulderPart1_L/Elbow_L/ElbowPart1_L/Wrist_L/ThumbFinger1_L/ThumbFinger2_L/ThumbFinger3_L/ThumbFinger4_L", "root/Root/Shoulder_L/ShoulderPart1_L/Elbow_L/ElbowPart1_L/Wrist_L/IndexFinger1_L", "root/Root/Shoulder_L/ShoulderPart1_L/Elbow_L/ElbowPart1_L/Wrist_L/IndexFinger1_L/IndexFinger2_L", "root/Root/Shoulder_L/ShoulderPart1_L/Elbow_L/ElbowPart1_L/Wrist_L/IndexFinger1_L/IndexFinger2_L/IndexFinger3_L", "root/Root/Shoulder_L/ShoulderPart1_L/Elbow_L/ElbowPart1_L/Wrist_L/IndexFinger1_L/IndexFinger2_L/IndexFinger3_L/IndexFinger4_L", "root/Root/Shoulder_L/ShoulderPart1_L/Elbow_L/ElbowPart1_L/Wrist_L/RingFinger1_L", "root/Root/Shoulder_L/ShoulderPart1_L/Elbow_L/ElbowPart1_L/Wrist_L/RingFinger1_L/RingFinger2_L", "root/Root/Shoulder_L/ShoulderPart1_L/Elbow_L/ElbowPart1_L/Wrist_L/RingFinger1_L/RingFinger2_L/RingFinger3_L", "root/Root/Shoulder_L/ShoulderPart1_L/Elbow_L/ElbowPart1_L/Wrist_L/RingFinger1_L/RingFinger2_L/RingFinger3_L/RingFinger4_L", "root/Root/Hip_L", "root/Root/Hip_L/HipPart1_L", "root/Root/Hip_L/HipPart1_L/Knee_L", "root/Root/Hip_L/HipPart1_L/Knee_L/KneePart1_L", "root/Root/Hip_L/HipPart1_L/Knee_L/KneePart1_L/Ankle_L", "root/Root/Hip_L/HipPart1_L/Knee_L/KneePart1_L/Ankle_L/ToesEnd_L"]
            uniform token purpose = "guide"
