#usda 1.0
(
    endTimeCode = 1
    framesPerSecond = 24
    metersPerUnit = 0.01
    startTimeCode = 1
    timeCodesPerSecond = 24
    upAxis = "Y"
)

def "main"
{
    def SkelRoot "geo" (
        prepend apiSchemas = ["SkelBindingAPI"]
    )
    {
        prepend rel skel:skeleton = </main/geo/skeleton>

        def Skeleton "skeleton"
        {
            uniform matrix4d[] bindTransforms = [( (1, 0, 0, 0), (0, 1, 0, 0), (0, 0, 1, 0), (0, 0, 0, 1) ), ( (4.440892098500626e-16, 0.9998796605419034, 0.015513363097922554, 0), (-4.4408920985006257e-16, -0.015513363097922504, 0.9998796605419032, 0), (1, -4.4408920985006257e-16, 4.4408920985006257e-16, 0), (1.9709482123357057e-15, 96.63827268635028, -1.5393001159184132, 1) ), ( (1, 0, 0, 0), (0, 1, 0, 0), (0, 0, 1, 0), (0, 0, 0, 1) ), ( (-0.45112003334077194, 0.8821540645576444, -0.1352587220960194, 0), (0.8740622901047271, 0.4060979311532569, -0.26664505120088855, 0), (-0.18029372849741832, -0.23851347277978227, -0.9542565141339237, 0), (-17.70634651184083, 172.65642856389238, -5.683603636152081, 1) ), ( (1, 0, 0, 0), (0, 1, 0, 0), (0, 0, 1, 0), (0, 0, 0, 1) ), ( (-0.9998475952496452, -0.0000014123323480844408, -0.017458129095275207, 0), (-0.017458129125733815, 0.000025612106979993313, 0.9998475949220704, 0), (-9.649776315789893e-7, 0.9999999996710127, -0.00002563286025367324, 0), (-44.800001382828, 136.0000014311068, -0.000005959982409148288, 1) ), ( (-0.9998788321024917, -5.658425144078833e-7, 0.015566666728538093, 0), (0.01556666670891271, 0.00002564477585913997, 0.9998788317740898, 0), (-9.649776315234782e-7, 0.9999999996710124, -0.000025632860253673243, 0), (-61.39186339094855, 135.9999779942547, -0.2897129815775343, 1) ), ( (-0.9998788321024914, -5.658425146774251e-7, 0.015566666728538089, 0), (0.015566666708912708, 0.0000256447758591339, 0.99987883177409, 0), (-9.649776315789893e-7, 0.9999999996710125, -0.000025632860253673026, 0), (-70.6961081167181, 135.99997272887956, -0.14485935316112022, 1) ), ( (-0.9963223425271989, -0.08568424449870332, 0.0000050795220958110455, 0), (0.004649617725893004, -0.054005797651890605, 0.9985297966886043, 0), (-0.085557996915064, 0.9948575697378341, 0.05420558180863247, 0), (-80.00035289571758, 135.99996746344178, -0.000005723915984930108, 1) ), ( (-0.9999999999856206, 0.0000016744907962468437, 0.000005094573155972402, 0), (0.000004994258987166267, -0.0552586166581289, 0.99847207535318, 0), (0.0000019534513657770702, 0.9984720753642665, 0.055258616648971505, 0), (-115.39994432172175, 132.95558401701066, 0.0001747528223981828, 1) ), ( (-0.9999999999856207, 0.0000016744907965217199, 0.00000509457315598242, 0), (0.000004995500370266748, -0.054623578203431465, 0.9985070178417866, 0), (0.0000019502746267940907, 0.9985070178528791, 0.054623578194281146, 0), (-122.41233106869181, 132.95559575918833, 0.00021047793972005075, 1) ), ( (-0.9995887372957215, 0.025467734493303407, -0.013181455584420127, 0), (-0.014534325489673275, -0.05368743193117147, 0.998452008378568, 0), (0.02472063215424869, 0.9982329658714013, 0.05403550863533997, 0), (-129.2123349251666, 132.95560744864275, 0.00024512105786034266, 1) ), ( (1, 0, 0, 0), (0, 1, 0, 0), (0, 0, 1, 0), (0, 0, 0, 1) ), ( (-0.7071026082643055, -3.821261957083701e-7, 0.70711095408406, 0), (0.4413773341811491, -0.7812663240353127, 0.4413717025359595, 0), (0.5524418071226672, 0.6241978299611458, 0.5524356241362772, 0), (-102.26656084703193, 132.66138743054694, 6.514430501043185, 1) ), ( (-0.7071026082643056, -3.8212619569920675e-7, 0.7071109540840601, 0), (0.44137733418114894, -0.7812663240353126, 0.4413717025359594, 0), (0.5524418071226673, 0.6241978299611457, 0.5524356241362772, 0), (-107.22504358725762, 132.66138475092694, 11.472971765453112, 1) ), ( (-0.7391389201263987, -0.362120154488982, 0.567928384981114, 0), (0.585455506694911, -0.7623190635082663, 0.2758831185347971, 0), (0.33303979707384235, 0.5364127507104538, 0.7754649279240539, 0), (-112.0333305038991, 132.66137156257713, 16.28131392304064, 1) ), ( (1, 0, 0, 0), (0, 1, 0, 0), (0, 0, 1, 0), (0, 0, 0, 1) ), ( (-0.9999999999854211, 0.0000014295849473361704, 0.000005207147325964699, 0), (0.0000051495452688052334, -0.03770304767947813, 0.9992889873150613, 0), (0.0000016248938182750194, 0.999288987327307, 0.037703047671566785, 0), (-115.39990689968883, 132.95558417287822, 6.187688789817577, 1) ), ( (-0.999999999985421, 0.0000014295849471862083, 0.0000052071473259548045, 0), (0.00000514954526882605, -0.03770304767947814, 0.9992889873150613, 0), (0.0000016248938182750194, 0.9992889873273071, 0.037703047671566785, 0), (-122.41228917631484, 132.9555941976744, 6.187725304325177, 1) ), ( (-0.9988934293049273, 0.04702349545834196, -0.0008412884892219532, -5.421010862427522e-20), (-0.003378051064918043, -0.05389331335023682, 0.9985409854117836, 5.421010862427522e-20), (0.04690954766831168, 0.9974388711349743, 0.05399252435793232, -8.673617379884035e-19), (-129.21228856244525, 132.95560416961357, 6.187760727833976, 0.9999999999999999) ), ( (1, 0, 0, 0), (0, 1, 0, 0), (0, 0, 1, 0), (0, 0, 0, 1) ), ( (-0.9999999999856869, 0.000001918715132724247, 0.000004994507188878979, -1.6543612251060553e-24), (0.000004872774218914189, -0.05892241946110382, 0.9982625648901721, 5.421010862427522e-20), (0.000002209669937802694, 0.9982625649002208, 0.058922419450911014, -8.673617379884035e-19), (-115.39996684261807, 132.95559559578447, -6.187339045038734, 0.9999999999999999) ), ( (-0.9999999999856869, 0.0000019187151329242635, 0.000004994507188874092, -1.6543612251060553e-24), (0.000004861737734222771, -0.06388048513317679, 0.9979575560090282, 5.421010862427522e-20), (0.000002233847807397993, 0.9979575560190261, 0.0638804851229342, -8.673617379884035e-19), (-122.41235805993192, 132.9556090505656, -6.187304021600546, 0.9999999999999999) ), ( (-0.9999572447441678, 0.00033860785764582024, 0.009240888938341107, 0), (0.009209074201641042, -0.054057437715939155, 0.9984953612210399, 0), (0.0008376371533571625, 0.9985377703283462, 0.054052008211473726, 0), (-129.21236638675092, 132.9556224529026, -6.187270089140473, 1) ), ( (1, 0, 0, 0), (0, 1, 0, 0), (0, 0, 1, 0), (0, 0, 0, 1) ), ( (-0.00010091661141861663, -0.99961569272194, -0.02772105120433488, 0), (-0.002488929524217463, -0.02772071440477969, 0.999612608575298, 0), (-0.9999968975180177, 0.00016987325997348525, -0.002485175529922902, 0), (-16.613870620727532, 96.25270843702158, 3.5355770589413793, 1) ), ( (0.000013445713948900817, -0.9972893401334088, -0.0735796974408195, 0), (-0.0024909382874246343, -0.07357950257609318, 0.9972862437771327, 0), (-0.9999968975180177, 0.00016987325997348525, -0.002485175529922902, 0), (-16.618042802973797, 54.9257279972458, 2.3895092838626013, 1) ), ( (3.056240928468437e-9, -1, -1.9506411063021855e-10, 2.5849394142282115e-26), (0.006474035552656399, -1.7527376685450013e-10, 0.999979043212238, 5.421010862427522e-20), (-0.9999790432122379, -3.0574400788907496e-9, 0.006474035552656403, -6.938893903907228e-18), (-16.61750414715758, 14.972793918594984, -0.5582057626396006, 0.9999999999999999) ), ( (1, 0, 0, 0), (0, 1, 0, 0), (0, 0, 1, 0), (0, 0, 0, 1) ), ( (-0.4511200432770267, -0.8821540591150306, 0.13525872445283765, 0), (0.8740622877765365, -0.406097943257181, 0.2666450403985308, 0), (-0.18029371492256832, 0.23851347230117326, 0.9542565168183326, 0), (17.706346511840795, 172.6564285638923, -5.6836036361520925, 1) ), ( (1, 0, 0, 0), (0, 1, 0, 0), (0, 0, 1, 0), (0, 0, 0, 1) ), ( (-0.9998475952496461, 0.0000014113457008101696, 0.017458129095295608, 0), (-0.017458129125728566, -0.00002561171996880444, -0.9998475949220805, 0), (-9.639978906239577e-7, -0.999999999671024, 0.000025632456076457238, 0), (44.80000138282796, 136.00000143110688, -0.000005959982406560057, 1) ), ( (-0.9998788321024926, 5.648691837730254e-7, -0.01556666672851354, 0), (0.015566666708913482, -0.00002564435647959428, -0.9998788317741009, 0), (-9.639978906239577e-7, -0.9999999996710238, 0.00002563245607645724, 0), (61.39186339094854, 135.99997801062776, -0.2897129815779451, 1) ), ( (-0.9998788321024924, 5.648691843537913e-7, -0.01556666672851354, 0), (0.015566666708913482, -0.00002564435647959078, -0.9998788317741008, 0), (-9.639978906239577e-7, -0.9999999996710237, 0.000025632456076457024, 0), (70.6961081167181, 135.99997275430974, -0.1448593531617586, 1) ), ( (-0.9963223426111472, 0.08568424352256691, -0.000005079487440003024, 0), (0.004649617672956994, 0.05400579806002903, -0.998529796666777, 0), (-0.08555799594036251, -0.99485756979975, -0.05420558221072919, 0), (80.00035289571755, 135.99996749804805, -0.000005723916841369151, 1) ), ( (-0.9999999999856188, -0.000001675470535221124, -0.000005094573132333983, 0), (0.000004994204823714765, 0.05525861706169347, -0.9984720753308463, 0), (0.000001954429608375108, -0.9984720753419306, -0.05525861705253121, 0), (115.39994432470439, 132.95558408629924, 0.00017475159020575618, 1) ), ( (-0.9999999999856191, -0.0000016754705352078213, -0.000005094573132329697, 0), (0.000004995446828998107, 0.054623578607010156, -0.9985070178197094, 0), (0.0000019512529036980197, -0.9985070178307994, -0.054623578597854945, 0), (122.41233107167449, 132.9555958353471, 0.00021047670734481913, 1) ), ( (-0.9995887372707692, -0.02546773547796902, 0.013181455574150966, 0), (-0.014534325542297367, 0.053687432320483154, -0.9984520083568688, 0), (0.02472063313225703, -0.9982329658253416, -0.0540355090388036, 0), (129.21233492814932, 132.95560753146398, 0.0002451198253307717, 1) ), ( (1, 0, 0, 0), (0, 1, 0, 0), (0, 0, 1, 0), (0, 0, 0, 1) ), ( (-0.707102608264323, 3.8171921646389006e-7, -0.7071109540840428, 0), (0.44137733341569985, 0.7812663246461408, -0.4413717022202003, 0), (0.5524418077342059, -0.6241978291966143, -0.5524356243885774, 0), (102.26656085030302, 132.66138748433534, 6.514430499692384, 1) ), ( (-0.7071026082643231, 3.8171921635609384e-7, -0.7071109540840427, 0), (0.4413773334156997, 0.7812663246461409, -0.4413717022202003, 0), (0.5524418077342059, -0.624197829196614, -0.5524356243885774, 0), (107.22504359052888, 132.6613848075693, 11.472971764102178, 1) ), ( (-0.7391389204811967, 0.36212015399436087, -0.5679283848347357, 0), (0.5854555059480292, 0.7623190641933667, -0.2758831182266994, 0), (0.33303979759936914, -0.536412750070736, -0.7754649281408679, 0), (112.03333050717043, 132.66137162198686, 16.281313921689627, 1) ), ( (1, 0, 0, 0), (0, 1, 0, 0), (0, 0, 1, 0), (0, 0, 0, 1) ), ( (-0.9999999999854197, -0.0000014305646861570606, -0.000005207147302213737, 0), (0.000005149508305268835, 0.03770304808337304, -0.9992889872998231, 0), (0.0000016258728616769247, -0.999288987312067, -0.03770304807545666, 0), (115.39990690267163, 132.95558423966597, 6.187688788585387, 1) ), ( (-0.9999999999854194, -0.0000014305646863855337, -0.000005207147302218235, 1.6543612251060553e-24), (0.000005149508305254957, 0.03770304808337303, -0.999288987299823, -5.421010862427522e-20), (0.000001625872861787947, -0.9992889873120668, -0.037703048075456644, 8.673617379884035e-19), (122.41228917929764, 132.95559427133242, 6.187725303092816, 0.9999999999999999) ), ( (-0.9988934292588562, -0.04702349643733884, 0.0008412884702404247, 0), (-0.0033780511177438285, 0.05389331375051474, -0.9985409853900014, 0), (0.046909548645541976, -0.997438871067193, -0.05399252476107557, 0), (129.21228856542803, 132.95560424993383, 6.187760726601449, 1) ), ( (1, 0, 0, 0), (0, 1, 0, 0), (0, 0, 1, 0), (0, 0, 0, 1) ), ( (-0.999999999985685, -0.000001919694872177876, -0.000004994507165338934, 1.6543612251060553e-24), (0.000004872716465896543, 0.058922419864583596, -0.9982625648663577, -5.421010862427522e-20), (0.0000022106479751204944, -0.998262564876404, -0.05892241985438605, 8.673617379884035e-19), (115.39996684560062, 132.95559566757396, -6.18733904627092, 0.9999999999999999) ), ( (-0.9999999999856848, -0.0000019196948723455967, -0.000004994507165325307, 1.6543612251060553e-24), (0.000004861675123597753, 0.06388048553653326, -0.9979575559832095, -5.421010862427522e-20), (0.0000022348255456217103, -0.9979575559932051, -0.06388048552628595, 8.673617379884035e-19), (122.41235806291458, 132.95560912922542, -6.187304022832895, 0.9999999999999999) ), ( (-0.9999572447438366, -0.0003386088336100237, -0.009240888938453613, 4.235164736271502e-22), (0.009209074148654448, 0.05405743812853075, -0.9984953611991919, -5.421010862427522e-20), (0.0008376381316641535, -0.9985377703056794, -0.05405200861505995, 8.673617379884035e-19), (129.2123663897335, 132.95562253822456, -6.1872700903729925, 0.9999999999999999) ), ( (1, 0, 0, 0), (0, 1, 0, 0), (0, 0, 1, 0), (0, 0, 0, 1) ), ( (-0.0001009166121183902, 0.9996156927190177, 0.02772105130971316, 0), (-0.002488929499446512, 0.027720714510160095, -0.9996126085724377, 0), (-0.9999968975180799, -0.00016987326024836183, 0.002485175505124148, 0), (16.61387062072754, 96.25270843702164, 3.53557705894138, 1) ), ( (0.000013445712112591934, 0.9972893401256534, 0.07357969754593345, 0), (-0.0024909382627119232, 0.07357950268120644, -0.9972862437694395, 0), (-0.9999968975180797, -0.00016987326024836172, 0.002485175505124147, 0), (16.618042802982828, 54.92572799736667, 2.3895092795060147, 1) ), ( (3.0569104014923795e-9, 0.9999999999999999, 1.9506929974453324e-10, -2.5849394142282115e-26), (0.0064740355774367915, 1.7527463074679117e-10, -0.9999790432120774, -5.421010862427522e-20), (-0.9999790432120778, 3.0581095433745986e-9, -0.00647403557743681, 6.938893903907228e-18), (16.617504147220902, 14.9727939190266, -0.5582057712079841, 0.9999999999999999) ), ( (1, 0, 0, 0), (0, 1, 0, 0), (0, 0, 1, 0), (0, 0, 0, 1) )]
            uniform token[] joints = ["root", "root/Root", "root/Root/RootEnd", "root/Root/Antenna1_R", "root/Root/Antenna1_R/Antenna1End_R", "root/Root/Shoulder_R", "root/Root/Shoulder_R/Elbow_R", "root/Root/Shoulder_R/Elbow_R/ElbowPart1_R", "root/Root/Shoulder_R/Elbow_R/ElbowPart1_R/Wrist_R", "root/Root/Shoulder_R/Elbow_R/ElbowPart1_R/Wrist_R/MiddleFinger1_R", "root/Root/Shoulder_R/Elbow_R/ElbowPart1_R/Wrist_R/MiddleFinger1_R/MiddleFinger2_R", "root/Root/Shoulder_R/Elbow_R/ElbowPart1_R/Wrist_R/MiddleFinger1_R/MiddleFinger2_R/MiddleFinger3_R", "root/Root/Shoulder_R/Elbow_R/ElbowPart1_R/Wrist_R/MiddleFinger1_R/MiddleFinger2_R/MiddleFinger3_R/MiddleFinger4_R", "root/Root/Shoulder_R/Elbow_R/ElbowPart1_R/Wrist_R/ThumbFinger1_R", "root/Root/Shoulder_R/Elbow_R/ElbowPart1_R/Wrist_R/ThumbFinger1_R/ThumbFinger2_R", "root/Root/Shoulder_R/Elbow_R/ElbowPart1_R/Wrist_R/ThumbFinger1_R/ThumbFinger2_R/ThumbFinger3_R", "root/Root/Shoulder_R/Elbow_R/ElbowPart1_R/Wrist_R/ThumbFinger1_R/ThumbFinger2_R/ThumbFinger3_R/ThumbFinger4_R", "root/Root/Shoulder_R/Elbow_R/ElbowPart1_R/Wrist_R/IndexFinger1_R", "root/Root/Shoulder_R/Elbow_R/ElbowPart1_R/Wrist_R/IndexFinger1_R/IndexFinger2_R", "root/Root/Shoulder_R/Elbow_R/ElbowPart1_R/Wrist_R/IndexFinger1_R/IndexFinger2_R/IndexFinger3_R", "root/Root/Shoulder_R/Elbow_R/ElbowPart1_R/Wrist_R/IndexFinger1_R/IndexFinger2_R/IndexFinger3_R/IndexFinger4_R", "root/Root/Shoulder_R/Elbow_R/ElbowPart1_R/Wrist_R/RingFinger1_R", "root/Root/Shoulder_R/Elbow_R/ElbowPart1_R/Wrist_R/RingFinger1_R/RingFinger2_R", "root/Root/Shoulder_R/Elbow_R/ElbowPart1_R/Wrist_R/RingFinger1_R/RingFinger2_R/RingFinger3_R", "root/Root/Shoulder_R/Elbow_R/ElbowPart1_R/Wrist_R/RingFinger1_R/RingFinger2_R/RingFinger3_R/RingFinger4_R", "root/Root/Hip_R", "root/Root/Hip_R/Knee_R", "root/Root/Hip_R/Knee_R/Ankle_R", "root/Root/Hip_R/Knee_R/Ankle_R/ToesEnd_R", "root/Root/Antenna1_L", "root/Root/Antenna1_L/Antenna1End_L", "root/Root/Shoulder_L", "root/Root/Shoulder_L/Elbow_L", "root/Root/Shoulder_L/Elbow_L/ElbowPart1_L", "root/Root/Shoulder_L/Elbow_L/ElbowPart1_L/Wrist_L", "root/Root/Shoulder_L/Elbow_L/ElbowPart1_L/Wrist_L/MiddleFinger1_L", "root/Root/Shoulder_L/Elbow_L/ElbowPart1_L/Wrist_L/MiddleFinger1_L/MiddleFinger2_L", "root/Root/Shoulder_L/Elbow_L/ElbowPart1_L/Wrist_L/MiddleFinger1_L/MiddleFinger2_L/MiddleFinger3_L", "root/Root/Shoulder_L/Elbow_L/ElbowPart1_L/Wrist_L/MiddleFinger1_L/MiddleFinger2_L/MiddleFinger3_L/MiddleFinger4_L", "root/Root/Shoulder_L/Elbow_L/ElbowPart1_L/Wrist_L/ThumbFinger1_L", "root/Root/Shoulder_L/Elbow_L/ElbowPart1_L/Wrist_L/ThumbFinger1_L/ThumbFinger2_L", "root/Root/Shoulder_L/Elbow_L/ElbowPart1_L/Wrist_L/ThumbFinger1_L/ThumbFinger2_L/ThumbFinger3_L", "root/Root/Shoulder_L/Elbow_L/ElbowPart1_L/Wrist_L/ThumbFinger1_L/ThumbFinger2_L/ThumbFinger3_L/ThumbFinger4_L", "root/Root/Shoulder_L/Elbow_L/ElbowPart1_L/Wrist_L/IndexFinger1_L", "root/Root/Shoulder_L/Elbow_L/ElbowPart1_L/Wrist_L/IndexFinger1_L/IndexFinger2_L", "root/Root/Shoulder_L/Elbow_L/ElbowPart1_L/Wrist_L/IndexFinger1_L/IndexFinger2_L/IndexFinger3_L", "root/Root/Shoulder_L/Elbow_L/ElbowPart1_L/Wrist_L/IndexFinger1_L/IndexFinger2_L/IndexFinger3_L/IndexFinger4_L", "root/Root/Shoulder_L/Elbow_L/ElbowPart1_L/Wrist_L/RingFinger1_L", "root/Root/Shoulder_L/Elbow_L/ElbowPart1_L/Wrist_L/RingFinger1_L/RingFinger2_L", "root/Root/Shoulder_L/Elbow_L/ElbowPart1_L/Wrist_L/RingFinger1_L/RingFinger2_L/RingFinger3_L", "root/Root/Shoulder_L/Elbow_L/ElbowPart1_L/Wrist_L/RingFinger1_L/RingFinger2_L/RingFinger3_L/RingFinger4_L", "root/Root/Hip_L", "root/Root/Hip_L/Knee_L", "root/Root/Hip_L/Knee_L/Ankle_L", "root/Root/Hip_L/Knee_L/Ankle_L/ToesEnd_L"]
            uniform matrix4d[] restTransforms = [( (1, 0, 0, 0), (0, 1, 0, 0), (0, 0, 1, 0), (0, 0, 0, 1) ), ( (4.440892098500626e-16, 0.9998796605419034, 0.015513363097922554, 0), (-4.4408920985006257e-16, -0.015513363097922504, 0.9998796605419032, 0), (1, -4.4408920985006257e-16, 4.4408920985006257e-16, 0), (1.9709482123357057e-15, 96.63827268635028, -1.5393001159184132, 1) ), ( (4.3714645123492917e-16, -4.509250855554763e-16, 1, 0), (0.9998796605419035, -0.015513363097922558, -4.509250855554763e-16, 0), (0.015513363097922507, 0.9998796605419036, 4.371464512349292e-16, 0), (-96.60276356736891, 3.03829949071602, 4.2278572749749487e-14, 1) ), ( (0.8799495889475211, -0.14892762144649033, -0.4511200333407724, 0), (0.40191250005074464, -0.27291290793921896, 0.8740622901047268, 0), (-0.2532884979900367, -0.9504415333151485, -0.18029372849741862, 0), (75.9447158085609, -5.323102051156634, -17.70634651184087, 1) ), ( (-0.45112003334077183, 0.874062290104727, -0.18029372849741823, 0), (0.8821540645576444, 0.406097931153257, -0.23851347277978227, 0), (-0.13525872209601944, -0.26664505120088866, -0.9542565141339238, 0), (-161.06601482313536, -56.154473441146685, 32.56492535028795, 1) ), ( (-0.00027224645805462176, -0.017456006283455523, -0.9998475952496452, 0), (0.01553660780744353, 0.9997268764744032, -0.017458129125733378, 0), (0.9998792625610875, -0.01553899286842802, -9.649776320299257e-7, 0), (39.38087160480514, 0.9284761279321048, -44.80000138282802, 1) ), ( (0.9994546809421692, 0.033020308035923054, 2.7619097432002564e-18, 0), (-0.03302030803592304, 0.9994546809421692, 1.1207939958068902e-17, 0), (-5.5502204445752453e-17, -9.859463506040056e-19, 0.9999999999999998, 0), (16.5943910721492, -6.38378239159465e-14, -5.678657544194721e-11, 1.0000000000000002) ), ( (0.9999999999999997, 1.734723475976807e-18, -2.695419774423162e-16, 0), (6.938893903907228e-18, 1.0000000000000002, -6.068144034129808e-18, 0), (5.55076042807912e-17, -6.437450399132683e-19, 1.0000000000000002, 0), (9.305372238159173, -4.440892098500626e-16, 8.526512829121202e-14, 1) ), ( (0.9962017477987302, -0.015506536287389752, -0.08568328317194253, 0), (0.010894756780853826, 0.9984798006875084, -0.054031397295638196, 0), (0.08639086732659536, 0.052892673891578965, 0.9948562625279886, 0), (9.305372291395585, 5.773159728050814e-15, -6.247091732802801e-11, 1) ), ( (0.9963221990612714, -0.004644621074939604, 0.08555993894798025, 0), (0.0047348886895507685, 0.9999884272928177, -0.0008521206101838735, 0), (-0.08555499101051559, 0.0012541034674072998, 0.9963326606799976, 0), (35.53025955055075, -1.092459456231154e-13, 6.536993168992922e-13, 1) ), ( (1.0000000000000002, -5.187229768985335e-18, 2.7500989275419793e-16, 0), (1.179239269167437e-17, 0.9999997977525921, 0.000635999037382963, 0), (-5.7746471179061926e-18, -0.0006359990373829491, 0.9999997977525922, 0), (7.012386747070906, 8.881784197001252e-15, 5.968558980384842e-13, 1) ), ( (0.9995887127729454, -0.014557908139079765, 0.024707743877995653, 0), (0.01453932227715306, 0.9998938643746323, 0.0009317154532040572, 0), (-0.02471868533412737, -0.0005720983995553472, 0.9996942829179195, 0), (6.800003856573085, -1.654502845838124e-8, 3.024583747901488e-7, 1) ), ( (-0.9995887372957212, -0.01453432548967329, 0.0247206321542486, 0), (0.02546773449330349, -0.053687431931171516, 0.9982329658714015, 0), (-0.013181455584420104, 0.9984520083785682, 0.054035508635339936, 0), (-132.54526958972468, 5.259786250071001, -129.5264729964569, 1) ), ( (0.7045057516008949, 0.7027836210334609, 0.09882726328475674, 0), (-0.3728096428452127, 0.4849679432822386, -0.7910872671142041, 0), (-0.603891228751406, 0.5204817729716305, 0.6036672161393434, 0), (22.47041726329104, 6.5816320017716725, -1.063240660963146, 1) ), ( (1, 0, 5.551115123125783e-17, 0), (5.551115123125783e-17, 0.9999999999999998, 0, 0), (-5.551115123125783e-17, 1.6653345369377348e-16, 0.9999999999999999, 0), (7.012394922990254, 2.2737367544323206e-13, -2.842170943040401e-14, 1) ), ( (0.9242355788220508, 0.20734063399939567, -0.320621983544792, 0), (-0.21889684934176235, 0.975748005044453, -1.4429498607082536e-7, 0), (0.3128462308990124, 0.07018327539022134, 0.9472072337497124, 0), (6.799983630659682, 0.000007606838067886201, -0.000007444645380161319, 1.0000000000000002) ), ( (-0.739138920126399, 0.585455506694911, 0.3330397970738423, 0), (-0.36212015448898216, -0.7623190635082665, 0.536412750710454, 0), (0.5679283849811146, 0.2758831185347971, 0.7754649279240545, 0), (-44.01545888353825, 162.22908315125218, -46.47528150421796, 1.0000000000000002) ), ( (0.9963222200462172, -0.004644495439939882, 0.0855597014036739, 0), (0.0032305024592006884, 0.9998560364441246, 0.016657437981478534, 0), (-0.08562474931956582, -0.01631977476419578, 0.9961937900105615, 0), (35.53025368240213, 6.178417298948971, 0.3353947516368976, 1) ), ( (1, -4.233470670376993e-18, -1.5022844003604262e-16, 0), (-2.0816681711721685e-17, 1, -1.3877787807814457e-17, 0), (2.117582368135751e-22, 0, 1.0000000000000002, 0), (7.012382276728246, -1.9984014443252818e-14, 2.842170943040401e-14, 1) ), ( (0.9988934921337326, -0.0026187632606889323, 0.046956718921383936, -5.421010862427522e-20), (0.003383173569821331, 0.9998629348721473, -0.01620696163545198, 5.421010862427522e-20), (-0.04690784059700272, 0.016347891235294426, 0.9987654384001707, -8.673617379884035e-19), (6.799999386229985, 5.445070838661081e-9, 2.5114630375355773e-7, 0.9999999999999999) ), ( (-0.9988934293049266, -0.0033780510649180414, 0.04690954766831173, -1.327944999769058e-20), (0.04702349545834179, -0.05389331335023687, 0.9974388711349748, 8.706110239723515e-19), (-0.0008412884892219575, 0.9985409854117837, 0.053992524357932295, -7.345571859871322e-21), (-135.31613758743524, 0.5501996335405046, -126.88789054617486, 1) ), ( (0.9963221781346514, -0.0046447341833197875, 0.08556017649228181, -1.6543612251060553e-24), (0.005048938838491761, 0.9999770908807423, -0.004508428805299101, 5.421010862427522e-20), (-0.08553727593060981, 0.0049238357053807205, 0.996322804249866, -8.673617379884035e-19), (35.5302495668914, -6.178417624620798, -0.33538433928774225, 0.9999999999999999) ), ( (1, -1.6664549383894625e-17, 1.993813986009229e-16, 1.7383871675532325e-34), (5.526371404649154e-18, 0.9999876622771869, -0.0049674232160026935, -4.307884004662145e-21), (-1.0909383449168686e-16, 0.004967423216002709, 0.9999876622771868, -2.7998582082462586e-22), (7.012391217414205, -1.580957587066223e-13, -2.842170943040401e-14, 1.0000000000000002) ), ( (0.9999572915332332, 0.00919552297617206, 0.0009259949861152254, 3.0633661170001833e-22), (-0.009204190930073337, 0.9999092504889558, 0.009837360211820266, -4.567265445993812e-20), (-0.0008354512806705276, -0.009845463107901055, 0.9999511832471365, 8.678531184471948e-19), (6.8000083269168385, -5.284993598309029e-8, 3.524017415656999e-7, 1.0000000000000002) ), ( (-0.9999572447441684, 0.00920907420164108, 0.0008376371533566323, 0), (0.0003386078576463516, -0.05405743771593927, 0.9985377703283472, 0), (0.009240888938341114, 0.998495361221041, 0.054052008211473726, 0), (-129.194685821725, 14.555127032185402, -132.31854334431537, 1) ), ( (-0.999925446243962, -0.012210314068478247, -0.00010091661141817799, 0), (-0.012210025154940086, 0.9999223572435708, -0.002488929524217013, 0), (0.00013129938715923184, -0.002487511770808502, -0.9999968975180177, 0), (-0.30678943844493745, 5.0802478650880865, -16.613870620727532, 1) ), ( (0.9989457797851247, -0.04590565378566373, -9.958396954279358e-17, 0), (0.04590565378566373, 0.9989457797851246, -3.469446951953614e-18, 0), (1.3552527156068805e-20, 4.336808689942018e-19, 1, 0), (41.34286880493164, 7.999930717872417e-9, 2.3447910280083306e-13, 1) ), ( (0.9972893401478029, 0.07357950237394559, -0.00016987631572013467, 2.5849394142282112e-26), (-0.07357806822388781, 0.9972492174508485, -0.008959138915734287, 5.4210108624275216e-20), (-0.000489799960203448, 0.008947352908712852, 0.9999598516800193, -6.9388939039072276e-18), (40.06152725219724, 7.752656738801988e-9, 2.6645352591003757e-13, 0.9999999999999998) ), ( (3.0562411722721516e-9, 0.006474035552656401, -0.9999790432122381, -6.93909944515093e-18), (-1, -1.7527381028466384e-10, -3.0574397314632175e-9, 4.643645840362768e-27), (-1.950640695892655e-10, 0.9999790432122381, 0.0064740355526564, -9.286326724528069e-21), (14.9727939692732, 0.6657763797093575, -16.613542007918596, 1) ), ( (-0.8799495834690007, 0.14892762371859208, -0.45112004327702626, 0), (-0.4019125123207923, 0.272912897325933, 0.8740622877765368, 0), (0.2532884975531293, 0.9504415360066594, -0.18029371492256802, 0), (75.94471580856082, -5.323102051156661, 17.706346511840756, 1) ), ( (-0.45112004327702687, 0.8740622877765368, -0.18029371492256824, 0), (-0.8821540591150305, -0.40609794325718096, 0.2385134723011733, 0), (0.1352587244528376, 0.2666450403985311, 0.9542565168183331, 0), (161.066014072763, 56.1544755107944, -32.564925492756885, 1) ), ( (0.0002722454715255224, 0.01745600629878304, -0.9998475952496461, 0), (-0.015536607420479086, -0.9997268764804171, -0.017458129125729003, 0), (-0.9998792625673689, 0.015538992464299618, -9.639978901730213e-7, 0), (39.38087160480528, 0.9284761279320661, 44.800001382827936, 1) ), ( (0.9994546809421693, 0.03302030803591855, 6.296958867523124e-16, 0), (-0.033020308035918544, 0.9994546809421693, 6.728829732988162e-18, 0), (4.764560328305439e-22, -1.0164395367051604e-20, 0.9999999999999997, 0), (-16.594391072149207, 1.3844481117075702e-13, 5.661604518536478e-11, 0.9999999999999999) ), ( (0.9999999999999998, 5.204170427930421e-18, -5.807660227025429e-16, 0), (-1.734723475976807e-18, 1, -3.496552006265752e-18, 0), (3.3881317890172014e-21, 2.1345230270808369e-19, 0.9999999999999999, 0), (-9.305372238159187, -4.440892098500626e-16, 5.684341886080802e-14, 1) ), ( (0.9962017477987302, -0.015506536287389702, -0.08568328317194164, 0), (0.010894756780853831, 0.998479800687509, -0.05403139729563821, 0), (0.08639086732659525, 0.052892673891579006, 0.9948562625279886, 0), (-9.305372291395543, -1.9984014443252818e-14, -5.638867150992155e-11, 1) ), ( (0.9963221990612715, -0.0046446210749396125, 0.0855599389479797, 0), (0.004734888689550775, 0.9999884272928176, -0.0008521206101838735, 0), (-0.0855549910105155, 0.001254103467407279, 0.9963326606799979, 0), (-35.53025955055074, 1.1102230246251565e-13, -5.684341886080801e-13, 0.9999999999999999) ), ( (1.0000000000000002, -3.545679917206501e-18, -1.3519651689803498e-17, 0), (1.2349740370967699e-18, 0.999999797752592, 0.000635999037382963, 0), (-6.161074136355445e-17, -0.000635999037382956, 0.9999997977525917, 0), (-7.012386747070934, 3.552713678800501e-15, -4.831690603168681e-13, 1) ), ( (0.9995887127729451, -0.014557908139079765, 0.02470774387799581, 0), (0.014539322277153065, 0.9998938643746325, 0.0009317154532040642, 0), (-0.02471868533412729, -0.0005720983995553611, 0.9996942829179196, 0), (-6.800003856573156, 1.6545032011094918e-8, -3.024585453204054e-7, 1) ), ( (-0.9995887372707692, -0.01453432554229735, 0.024720633132256954, 0), (-0.0254677354779691, 0.05368743232048319, -0.9982329658253417, 0), (0.013181455574150971, -0.9984520083568681, -0.054035509038803546, 0), (132.5452697225244, -5.259786300666228, 129.52647294649688, 1) ), ( (0.7045057516008949, 0.7027836210334607, 0.0988272632847563, 0), (-0.37280964284521284, 0.48496794328223847, -0.7910872671142043, 0), (-0.603891228751406, 0.5204817729716303, 0.603667216139344, 0), (-22.47041726329107, -6.581632001771645, 1.0632406609632028, 0.9999999999999999) ), ( (1, -2.220446049250313e-16, -1.1102230246251565e-16, 0), (5.551115123125783e-17, 1, -1.6653345369377348e-16, 0), (0, 1.1102230246251565e-16, 0.9999999999999998, 0), (-7.012394922990268, -1.4210854715202004e-13, 2.842170943040401e-14, 0.9999999999999998) ), ( (0.9242355788220515, 0.20734063399939567, -0.32062198354479166, 0), (-0.21889684934176248, 0.9757480050444528, -1.4429498587653633e-7, 0), (0.3128462308990122, 0.07018327539022134, 0.9472072337497126, 0), (-6.799983630659668, -0.000007606838181573039, 0.0000074446453730558915, 1.0000000000000002) ), ( (-0.7391389204811966, 0.5854555059480289, 0.33303979759936914, 0), (0.3621201539943611, 0.7623190641933668, -0.5364127500707362, 0), (-0.5679283848347358, -0.2758831182266994, -0.7754649281408679, 0), (44.0154589666585, -162.2290832110562, 46.47528139373659, 1) ), ( (0.9963222200462173, -0.004644495439939897, 0.08555970140367324, 0), (0.003230502459200671, 0.9998560364441244, 0.016657437981478528, 0), (-0.08562474931956573, -0.016319774764195813, 0.9961937900105619, 0), (-35.530253682402105, -6.178417298948965, -0.33539475163684074, 0.9999999999999999) ), ( (0.9999999999999997, -4.118272254172396e-18, 2.2848068732320256e-16, 1.6543612251060553e-24), (7.621934261972248e-18, 0.9999999999999998, 1.360163293656564e-17, -5.421010862427522e-20), (-1.0928619259260709e-17, -1.2863092340449765e-17, 0.9999999999999998, 8.673617379884035e-19), (-7.012382276728275, 2.5091040356528538e-14, -2.842170943040401e-14, 0.9999999999999999) ), ( (0.9988934921337325, -0.0026187632606889306, 0.04695671892138362, -4.0872077305368864e-20), (0.0033831735698213114, 0.9998629348721473, -0.01620696163545198, 6.825997112345158e-20), (-0.04690784059700275, 0.016347891235294426, 0.998765438400171, -8.654046279313665e-19), (-6.79999938622997, -5.445066397768983e-9, -2.5114624691013887e-7, 1.0000000000000002) ), ( (-0.998893429258856, -0.0033780511177438194, 0.046909548645542164, 0), (-0.047023496437338635, 0.05389331375051479, -0.9974388710671925, 0), (0.000841288470240446, -0.9985409853900008, -0.05399252476107549, 0), (135.31613771852037, -0.5501996856181204, 126.8878904932953, 0.9999999999999998) ), ( (0.9963221781346515, -0.004644734183319819, 0.0855601764922817, 1.6543612251060552e-24), (0.00504893883849176, 0.9999770908807425, -0.004508428805299087, -5.4210108624275216e-20), (-0.0855372759306098, 0.004923835705380693, 0.9963228042498665, 8.6736173798840345e-19), (-35.530249566891456, 6.178417624620797, 0.3353843392878275, 0.9999999999999998) ), ( (0.9999999999999998, -2.3485705708133592e-17, 1.6662668747015822e-16, -1.4579840104241148e-34), (1.5872361067546154e-19, 0.9999876622771863, -0.0049674232160027, 4.307884004662145e-21), (3.4554324330063376e-17, 0.004967423216002695, 0.9999876622771865, 2.7998582082452957e-22), (-7.012391217414347, 1.5276668818842154e-13, 2.842170943040401e-14, 1) ), ( (0.9999572915332338, 0.009195522976172052, 0.0009259949861148332, 1.1717986192747175e-22), (-0.00920419093007335, 0.9999092504889562, 0.009837360211820266, -8.537454164337098e-21), (-0.0008354512806704899, -0.009845463107901123, 0.9999511832471368, -4.91380458791017e-22), (-6.800008326916782, 5.284994664123133e-8, -3.5240168472228106e-7, 1) ), ( (-0.9999572447438364, 0.009209074148654461, 0.000837638131663758, 1.9618801031415766e-22), (-0.0003386088336103069, 0.054057438128530776, -0.9985377703056795, 8.690240588987166e-19), (-0.009240888938453618, -0.9984953611991918, -0.054052008615059925, -7.241984188624178e-21), (129.19468595444124, -14.555127085930469, 132.3185432975232, 1) ), ( (0.9999254462426749, 0.012210314173889182, -0.00010091661211882884, 0), (0.012210025260352184, -0.9999223572423457, -0.0024889294994469616, 0), (-0.00013129938781966172, 0.0024875117460178985, -0.9999968975180799, 0), (-0.3067894384448522, 5.0802478650880705, 16.61387062072754, 1) ), ( (0.9989457797851253, -0.04590565378564175, -8.023096076392733e-18, 0), (0.04590565378564179, 0.9989457797851253, -1.3010426069826053e-18, 0), (5.421010862427522e-20, 1.3010426069826053e-18, 0.9999999999999998, 0), (-41.342868804931626, -7.999933937519188e-9, 1.9667822925839573e-11, 1) ), ( (0.9972893401400481, 0.07357950247905197, -0.00016987631666450013, -2.5849394142282115e-26), (-0.07357806832899844, 0.997249217443093, -0.008959138915716376, -5.421010862427522e-20), (-0.0004897999602034021, 0.008947352908712852, 0.9999598516800191, 6.938893903907228e-18), (-40.06152725219725, -7.75183539580837e-9, 1.900346546790388e-11, 0.9999999999999999) ), ( (3.0569106171284717e-9, 0.006474035577436807, -0.9999790432120774, 6.939099445151157e-18), (1.0000000000000002, 1.752746650222901e-10, 3.0581092240560096e-9, 4.6390003486273544e-27), (1.950692676760749e-10, -0.9999790432120779, -0.0064740355774367915, -9.286326552570878e-21), (-14.97279396971594, -0.6657763886896833, 16.613542007899916, 1) )]
        }

        over "body" (
            prepend apiSchemas = ["SkelBindingAPI"]
        )
        {
            matrix4d primvars:skel:geomBindTransform = ( (1, 0, 0, 0), (0, 1, 0, 0), (0, 0, 1, 0), (0, 0, 0, 1) )
